{
	"calibDataSource": "j:\/calibration\/170915_calib_rawData\/full\/output_norm",
	"cameras": [
		{
			"name": "01_01",
			"type": "vga",
			"resolution": [640,480],
			"panel": 1,
			"node": 1,
			"K": [
				[746.454,0,374.019],
				[0,746.601,226.084],
				[0,0,1]
			],
			"distCoef": [-0.332758,0.102031,-0.00063037,0.00098224,-8.98712e-05],
			"R": [
				[0.9655494719,0.02882152833,-0.2586185161],
				[-0.04921212706,0.9961375819,-0.07271921607],
				[0.2555237443,0.08294116794,0.9632384849]
			],
			"t": [
				[-46.05623709],
				[143.3920965],
				[286.5182086]
			]
		},
		{
			"name": "01_02",
			"type": "vga",
			"resolution": [640,480],
			"panel": 1,
			"node": 2,
			"K": [
				[746.947,0,368.356],
				[0,747.058,226.877],
				[0,0,1]
			],
			"distCoef": [-0.355585,0.229509,-0.000608933,0.000180603,-0.211397],
			"R": [
				[0.9754256213,-0.01565524935,-0.2197720875],
				[0.005882782585,0.9989673845,-0.04505061017],
				[0.220250426,0.04265064801,0.9745104782]
			],
			"t": [
				[-60.52973113],
				[142.0015843],
				[282.5382783]
			]
		},
		{
			"name": "01_03",
			"type": "vga",
			"resolution": [640,480],
			"panel": 1,
			"node": 3,
			"K": [
				[747.614,0,378.634],
				[0,747.725,239.541],
				[0,0,1]
			],
			"distCoef": [-0.339437,0.124702,-0.000860953,0.00094313,-0.0247617],
			"R": [
				[0.9705335391,0.05539751763,-0.2345117576],
				[-0.06952390736,0.996203196,-0.05239865106],
				[0.2307186072,0.06715882197,0.9707000654]
			],
			"t": [
				[-49.25876969],
				[117.8150954],
				[285.6964796]
			]
		},
		{
			"name": "01_04",
			"type": "vga",
			"resolution": [640,480],
			"panel": 1,
			"node": 4,
			"K": [
				[748.789,0,367.246],
				[0,748.731,235.184],
				[0,0,1]
			],
			"distCoef": [-0.339277,0.129428,-0.0011067,-0.000850881,-0.0351117],
			"R": [
				[0.9697541923,0.08587965056,-0.2284764585],
				[-0.1101105883,0.9893214744,-0.09549177289],
				[0.2178358667,0.1177612243,0.9688549062]
			],
			"t": [
				[-24.13711343],
				[95.56331916],
				[291.5139788]
			]
		},
		{
			"name": "01_05",
			"type": "vga",
			"resolution": [640,480],
			"panel": 1,
			"node": 5,
			"K": [
				[743.561,0,353.404],
				[0,743.566,210.799],
				[0,0,1]
			],
			"distCoef": [-0.315067,0.00329102,-0.00066829,-0.000688719,0.137974],
			"R": [
				[0.9752137389,0.05097660316,-0.215312678],
				[-0.07165611049,0.9934190416,-0.08935328543],
				[0.2093407873,0.1025670206,0.972448683]
			],
			"t": [
				[-21.76175641],
				[77.09752498],
				[289.4613773]
			]
		},
		{
			"name": "01_06",
			"type": "vga",
			"resolution": [640,480],
			"panel": 1,
			"node": 6,
			"K": [
				[744.11,0,371.104],
				[0,744.366,242.512],
				[0,0,1]
			],
			"distCoef": [-0.320046,0.021539,0.00119362,-0.000304659,0.132757],
			"R": [
				[0.9720490972,0.07459707923,-0.2226113841],
				[-0.09283499999,0.993030709,-0.07260629337],
				[0.2156437232,0.09124300977,0.972199824]
			],
			"t": [
				[-1.461280211],
				[72.66332481],
				[288.4834065]
			]
		},
		{
			"name": "01_07",
			"type": "vga",
			"resolution": [640,480],
			"panel": 1,
			"node": 7,
			"K": [
				[749.523,0,380.112],
				[0,749.49,229.548],
				[0,0,1]
			],
			"distCoef": [-0.356699,0.217683,-0.000458634,0.00132659,-0.143198],
			"R": [
				[0.9709017076,-0.02992953762,-0.2376007092],
				[0.01804019121,0.9984811465,-0.05205719558],
				[0.2387978763,0.04625605786,0.9699669847]
			],
			"t": [
				[0.6840433532],
				[98.7965452],
				[284.4164849]
			]
		},
		{
			"name": "01_08",
			"type": "vga",
			"resolution": [640,480],
			"panel": 1,
			"node": 8,
			"K": [
				[746.199,0,361.699],
				[0,746.359,218.784],
				[0,0,1]
			],
			"distCoef": [-0.333085,0.0973103,-0.000595131,-0.00138719,0.00716875],
			"R": [
				[0.9690922848,0.06465719653,-0.2380747583],
				[-0.07828174547,0.9957646496,-0.04821546395],
				[0.2339489515,0.06536214174,0.9700493176]
			],
			"t": [
				[31.39760893],
				[85.50936981],
				[286.7058891]
			]
		},
		{
			"name": "01_09",
			"type": "vga",
			"resolution": [640,480],
			"panel": 1,
			"node": 9,
			"K": [
				[746.94,0,338.505],
				[0,746.969,237.142],
				[0,0,1]
			],
			"distCoef": [-0.322598,0.0522344,0.000735609,-0.000248386,0.0906773],
			"R": [
				[0.969156931,0.07263592948,-0.2354970591],
				[-0.08930904902,0.9941397371,-0.06091039979],
				[0.2296927009,0.08006375452,0.9699644624]
			],
			"t": [
				[50.13428301],
				[94.24084147],
				[287.8566529]
			]
		},
		{
			"name": "01_10",
			"type": "vga",
			"resolution": [640,480],
			"panel": 1,
			"node": 10,
			"K": [
				[748.977,0,377.575],
				[0,749.384,228.662],
				[0,0,1]
			],
			"distCoef": [-0.360511,0.261491,-0.00111748,0.000732546,-0.24351],
			"R": [
				[0.9704863958,-0.001288323654,-0.2411524328],
				[-0.009249490582,0.9990510685,-0.04256065668],
				[0.2409784276,0.04353507546,0.9695535543]
			],
			"t": [
				[35.55156069],
				[129.564999],
				[283.9262623]
			]
		},
		{
			"name": "01_11",
			"type": "vga",
			"resolution": [640,480],
			"panel": 1,
			"node": 11,
			"K": [
				[748.013,0,363.697],
				[0,747.618,222.748],
				[0,0,1]
			],
			"distCoef": [-0.355453,0.213369,0.000591455,0.00145433,-0.151502],
			"R": [
				[0.9893736732,-0.01230017366,-0.1448738782],
				[0.004772099758,0.9986254434,-0.05219627307],
				[0.145316764,0.05095026581,0.9880724207]
			],
			"t": [
				[76.54185549],
				[143.0179513],
				[278.6464977]
			]
		},
		{
			"name": "01_12",
			"type": "vga",
			"resolution": [640,480],
			"panel": 1,
			"node": 12,
			"K": [
				[746.558,0,359.9],
				[0,746.586,227.365],
				[0,0,1]
			],
			"distCoef": [-0.348588,0.197465,-0.000734061,-0.00199079,-0.169074],
			"R": [
				[0.9624312315,0.08545043011,-0.2577292157],
				[-0.09706758495,0.9947414801,-0.03266912514],
				[0.2535823507,0.05645893888,0.9656647346]
			],
			"t": [
				[58.96981564],
				[157.0354003],
				[285.8781558]
			]
		},
		{
			"name": "01_13",
			"type": "vga",
			"resolution": [640,480],
			"panel": 1,
			"node": 13,
			"K": [
				[745.44,0,340.114],
				[0,745.511,216.323],
				[0,0,1]
			],
			"distCoef": [-0.337665,0.139103,-0.000142028,-0.00114484,-0.0884533],
			"R": [
				[0.9755640068,-0.06312081751,-0.2104533941],
				[0.04091420726,0.9932810483,-0.1082533447],
				[0.2158724075,0.09699753294,0.9715917776]
			],
			"t": [
				[24.74838241],
				[154.5275106],
				[290.5114138]
			]
		},
		{
			"name": "01_14",
			"type": "vga",
			"resolution": [640,480],
			"panel": 1,
			"node": 14,
			"K": [
				[747.778,0,364.51],
				[0,748.021,236.037],
				[0,0,1]
			],
			"distCoef": [-0.361215,0.256264,-0.000732933,-6.03028e-05,-0.236513],
			"R": [
				[0.9677840783,0.006820724308,-0.251689204],
				[-0.02379764481,0.9976358562,-0.06446991906],
				[0.250654443,0.06838257148,0.9656584148]
			],
			"t": [
				[23.68208433],
				[181.5624622],
				[286.9480946]
			]
		},
		{
			"name": "01_15",
			"type": "vga",
			"resolution": [640,480],
			"panel": 1,
			"node": 15,
			"K": [
				[746.935,0,366.395],
				[0,747.057,217.528],
				[0,0,1]
			],
			"distCoef": [-0.344931,0.162339,-0.00173509,-0.000811713,-0.106804],
			"R": [
				[0.9643177364,0.03551643224,-0.2623545052],
				[-0.06082031457,0.9941760479,-0.08896558424],
				[0.257666825,0.1017475743,0.9608617166]
			],
			"t": [
				[5.791695086],
				[173.3490216],
				[292.3298633]
			]
		},
		{
			"name": "01_16",
			"type": "vga",
			"resolution": [640,480],
			"panel": 1,
			"node": 16,
			"K": [
				[749.633,0,371.964],
				[0,749.461,229.099],
				[0,0,1]
			],
			"distCoef": [-0.379612,0.358945,0.00117513,0.000241517,-0.396885],
			"R": [
				[0.9717357432,0.05638758145,-0.2292380556],
				[-0.07061040538,0.9960240741,-0.05431587751],
				[0.2252638811,0.06896727163,0.9718537438]
			],
			"t": [
				[1.259956575],
				[172.5748059],
				[286.1689671]
			]
		},
		{
			"name": "01_17",
			"type": "vga",
			"resolution": [640,480],
			"panel": 1,
			"node": 17,
			"K": [
				[749.792,0,371.936],
				[0,750.17,234.564],
				[0,0,1]
			],
			"distCoef": [-0.365986,0.267859,-0.00103153,0.00230015,-0.212466],
			"R": [
				[0.9685495056,0.02471290059,-0.2475906455],
				[-0.04372754159,0.9964747415,-0.07159603114],
				[0.2449484789,0.08017083081,0.9662157526]
			],
			"t": [
				[-30.27126601],
				[172.9436126],
				[287.4380729]
			]
		},
		{
			"name": "01_18",
			"type": "vga",
			"resolution": [640,480],
			"panel": 1,
			"node": 18,
			"K": [
				[744.736,0,363.466],
				[0,744.931,236.967],
				[0,0,1]
			],
			"distCoef": [-0.323824,0.0511932,-0.00106925,-0.000974695,0.0826999],
			"R": [
				[0.956678478,0.06033723243,-0.2848257503],
				[-0.07189946134,0.9969514187,-0.03030406404],
				[0.2821289725,0.04947006389,0.9581001804]
			],
			"t": [
				[-53.0079228],
				[175.3321035],
				[279.2549875]
			]
		},
		{
			"name": "01_19",
			"type": "vga",
			"resolution": [640,480],
			"panel": 1,
			"node": 19,
			"K": [
				[743.81,0,364.422],
				[0,743.975,220.61],
				[0,0,1]
			],
			"distCoef": [-0.31862,0.0239477,-0.000924171,-0.000341447,0.129254],
			"R": [
				[0.9715043592,0.05259500249,-0.2311126257],
				[-0.06465165268,0.996897147,-0.04490258572],
				[0.2280338655,0.05856487097,0.9718902778]
			],
			"t": [
				[-14.65781046],
				[144.3581382],
				[284.6025472]
			]
		},
		{
			"name": "01_20",
			"type": "vga",
			"resolution": [640,480],
			"panel": 1,
			"node": 20,
			"K": [
				[745.467,0,343.07],
				[0,745.653,245.606],
				[0,0,1]
			],
			"distCoef": [-0.33635,0.124066,0.00102336,-0.001094,-0.0537157],
			"R": [
				[0.9751777629,0.03458912284,-0.2187051061],
				[-0.0430078379,0.9985011531,-0.03384926963],
				[0.2172064841,0.04241508878,0.9752037241]
			],
			"t": [
				[-9.990732997],
				[127.6550709],
				[283.1264891]
			]
		},
		{
			"name": "01_21",
			"type": "vga",
			"resolution": [640,480],
			"panel": 1,
			"node": 21,
			"K": [
				[742.843,0,364.71],
				[0,742.833,221.652],
				[0,0,1]
			],
			"distCoef": [-0.312523,-0.00923203,-0.000974479,-1.45296e-05,0.18415],
			"R": [
				[0.9688951378,0.04038658388,-0.2441539181],
				[-0.04876390217,0.9984075548,-0.0283625891],
				[0.2426196482,0.03938627245,0.9693216328]
			],
			"t": [
				[3.324434762],
				[121.9216528],
				[282.8964899]
			]
		},
		{
			"name": "01_22",
			"type": "vga",
			"resolution": [640,480],
			"panel": 1,
			"node": 22,
			"K": [
				[745.382,0,362.755],
				[0,745.597,226.955],
				[0,0,1]
			],
			"distCoef": [-0.347495,0.195322,-0.00105158,-0.000449102,-0.162931],
			"R": [
				[0.9665606375,-0.007923620296,-0.2563157239],
				[-0.00274915753,0.9991449054,-0.04125409143],
				[0.2564234314,0.04057923321,0.9657123535]
			],
			"t": [
				[9.360050232],
				[135.1488918],
				[283.2443551]
			]
		},
		{
			"name": "01_23",
			"type": "vga",
			"resolution": [640,480],
			"panel": 1,
			"node": 23,
			"K": [
				[746.113,0,357.813],
				[0,746.148,223.777],
				[0,0,1]
			],
			"distCoef": [-0.333833,0.107267,-0.000641052,0.000714846,0.00352926],
			"R": [
				[0.9599333504,0.01226055638,-0.2799600712],
				[-0.03578965802,0.9962249883,-0.07908775564],
				[0.2779335588,0.08593864946,0.9567483919]
			],
			"t": [
				[2.147325967],
				[143.0225044],
				[289.2886957]
			]
		},
		{
			"name": "01_24",
			"type": "vga",
			"resolution": [640,480],
			"panel": 1,
			"node": 24,
			"K": [
				[745.445,0,368.923],
				[0,745.396,244.432],
				[0,0,1]
			],
			"distCoef": [-0.330641,0.0861045,-4.89631e-06,-0.000328219,0.0276228],
			"R": [
				[0.9667656364,0.05374712969,-0.2499508958],
				[-0.07349610854,0.9948107861,-0.07035497014],
				[0.2448724695,0.08638718565,0.9656990876]
			],
			"t": [
				[-2.166952302],
				[147.4094715],
				[288.7342039]
			]
		},
		{
			"name": "02_01",
			"type": "vga",
			"resolution": [640,480],
			"panel": 2,
			"node": 1,
			"K": [
				[747.926,0,374.895],
				[0,748.173,234.037],
				[0,0,1]
			],
			"distCoef": [-0.3312,0.090416,0.000139758,-0.000275759,0.00845551],
			"R": [
				[0.9738020081,0.04711324288,0.2224634609],
				[0.005150183909,0.9734814926,-0.2287078032],
				[-0.2273392282,0.2238618458,0.9477355904]
			],
			"t": [
				[5.081120142],
				[175.0042683],
				[305.8948942]
			]
		},
		{
			"name": "02_02",
			"type": "vga",
			"resolution": [640,480],
			"panel": 2,
			"node": 2,
			"K": [
				[748.981,0,366.901],
				[0,749.124,211.125],
				[0,0,1]
			],
			"distCoef": [-0.354511,0.212475,0.000804499,-0.000478586,-0.178768],
			"R": [
				[0.9783180438,-0.05687466916,0.1991458693],
				[0.09518790115,0.9774564699,-0.1884624975],
				[-0.1839376762,0.2033325392,0.9616770819]
			],
			"t": [
				[-44.19174932],
				[191.4560053],
				[300.7078849]
			]
		},
		{
			"name": "02_03",
			"type": "vga",
			"resolution": [640,480],
			"panel": 2,
			"node": 3,
			"K": [
				[746.303,0,352.583],
				[0,746.501,252.239],
				[0,0,1]
			],
			"distCoef": [-0.329322,0.0620252,-0.000948996,-0.00136769,0.0697399],
			"R": [
				[0.9726238262,0.1275304057,0.194264995],
				[-0.07219267821,0.9604179329,-0.2690457422],
				[-0.2208870976,0.247655789,0.9433321262]
			],
			"t": [
				[-16.49894552],
				[168.4265411],
				[310.1936245]
			]
		},
		{
			"name": "02_04",
			"type": "vga",
			"resolution": [640,480],
			"panel": 2,
			"node": 4,
			"K": [
				[747.036,0,381.424],
				[0,747.197,224.676],
				[0,0,1]
			],
			"distCoef": [-0.337594,0.119234,-0.000811333,0.000579062,-0.0168736],
			"R": [
				[0.9762986586,0.07432295722,0.2032659029],
				[-0.02257952511,0.9690391527,-0.2458724986],
				[-0.2152465895,0.235455343,0.947749802]
			],
			"t": [
				[-26.24457508],
				[150.2838089],
				[307.9338895]
			]
		},
		{
			"name": "02_05",
			"type": "vga",
			"resolution": [640,480],
			"panel": 2,
			"node": 5,
			"K": [
				[744.756,0,378.724],
				[0,744.59,244.012],
				[0,0,1]
			],
			"distCoef": [-0.330769,0.0752698,1.20093e-05,-0.00101935,0.0478339],
			"R": [
				[0.9832403573,0.05669445784,0.1732747479],
				[-0.01171737158,0.9681055408,-0.250268586],
				[-0.1819370853,0.2440438493,0.9525447478]
			],
			"t": [
				[-56.0814488],
				[135.3331273],
				[307.1815051]
			]
		},
		{
			"name": "02_06",
			"type": "vga",
			"resolution": [640,480],
			"panel": 2,
			"node": 6,
			"K": [
				[744.592,0,352.698],
				[0,744.735,228.923],
				[0,0,1]
			],
			"distCoef": [-0.312305,-0.0232256,-0.000463265,6.58409e-06,0.219004],
			"R": [
				[0.9784100578,0.06229691742,0.1970605309],
				[-0.005946374816,0.9615797968,-0.274461172],
				[-0.2065875103,0.2673637754,0.9411897854]
			],
			"t": [
				[-47.34836497],
				[105.9752882],
				[311.3097913]
			]
		},
		{
			"name": "02_07",
			"type": "vga",
			"resolution": [640,480],
			"panel": 2,
			"node": 7,
			"K": [
				[747.425,0,375.851],
				[0,747.429,217.019],
				[0,0,1]
			],
			"distCoef": [-0.334559,0.105214,-0.000575594,0.000318001,0.0123028],
			"R": [
				[0.9744646754,0.09730530149,0.2023617424],
				[-0.04761061664,0.9702722343,-0.2372867897],
				[-0.2194352425,0.2215930271,0.9501287832]
			],
			"t": [
				[-20.77831908],
				[110.6056494],
				[306.8384007]
			]
		},
		{
			"name": "02_08",
			"type": "vga",
			"resolution": [640,480],
			"panel": 2,
			"node": 8,
			"K": [
				[748.294,0,346.51],
				[0,748.42,230.924],
				[0,0,1]
			],
			"distCoef": [-0.350413,0.197813,0.00103756,-0.0018413,-0.15753],
			"R": [
				[0.9701047836,0.04431200789,0.2386066949],
				[0.009410340116,0.9755814283,-0.2194363739],
				[-0.2425039266,0.2151216461,0.9459992193]
			],
			"t": [
				[-16.53028408],
				[89.60929749],
				[307.5391288]
			]
		},
		{
			"name": "02_09",
			"type": "vga",
			"resolution": [640,480],
			"panel": 2,
			"node": 9,
			"K": [
				[746.879,0,344.37],
				[0,747.017,222.515],
				[0,0,1]
			],
			"distCoef": [-0.325579,0.0668653,0.000313335,0.000408655,0.0481275],
			"R": [
				[0.9668684742,0.02560472806,0.2539876995],
				[0.02030558942,0.9840902055,-0.1765053837],
				[-0.2544661798,0.175814861,0.9509658764]
			],
			"t": [
				[4.943883305],
				[93.02060325],
				[303.3347031]
			]
		},
		{
			"name": "02_10",
			"type": "vga",
			"resolution": [640,480],
			"panel": 2,
			"node": 10,
			"K": [
				[744.831,0,345.17],
				[0,744.919,231.449],
				[0,0,1]
			],
			"distCoef": [-0.320716,0.0272826,0.000407271,-0.000110091,0.122664],
			"R": [
				[0.9810273439,0.04782893132,0.1878769379],
				[-0.005367592902,0.9754195265,-0.2202905722],
				[-0.1937950964,0.215102628,0.9571699536]
			],
			"t": [
				[6.787844652],
				[94.31880667],
				[306.5696571]
			]
		},
		{
			"name": "02_11",
			"type": "vga",
			"resolution": [640,480],
			"panel": 2,
			"node": 11,
			"K": [
				[749.323,0,373.693],
				[0,749.483,220.135],
				[0,0,1]
			],
			"distCoef": [-0.337411,0.11112,0.000693307,0.000504301,-0.00697165],
			"R": [
				[0.9732951704,-0.04005931905,0.2260348697],
				[0.08750870219,0.9750511714,-0.2040035297],
				[-0.212223322,0.2183356683,0.952518135]
			],
			"t": [
				[23.97435845],
				[86.95092689],
				[306.8385202]
			]
		},
		{
			"name": "02_12",
			"type": "vga",
			"resolution": [640,480],
			"panel": 2,
			"node": 12,
			"K": [
				[747.015,0,386.382],
				[0,747.02,224.386],
				[0,0,1]
			],
			"distCoef": [-0.33781,0.103979,-0.00046541,-0.000185677,0.015671],
			"R": [
				[0.973792057,-0.05248904595,0.2213005418],
				[0.09731874129,0.9755942451,-0.1968373225],
				[-0.2055677317,0.2132153113,0.9551340946]
			],
			"t": [
				[38.02103507],
				[101.5215133],
				[306.5487337]
			]
		},
		{
			"name": "02_13",
			"type": "vga",
			"resolution": [640,480],
			"panel": 2,
			"node": 13,
			"K": [
				[747.791,0,385.948],
				[0,747.729,241.637],
				[0,0,1]
			],
			"distCoef": [-0.338972,0.108702,0.000637013,3.08013e-05,0.00898378],
			"R": [
				[0.9774581751,0.073155842,0.198049839],
				[-0.03048206331,0.97712104,-0.2104882824],
				[-0.2089171122,0.1997065247,0.9573248896]
			],
			"t": [
				[46.3491664],
				[120.4027928],
				[303.9719695]
			]
		},
		{
			"name": "02_14",
			"type": "vga",
			"resolution": [640,480],
			"panel": 2,
			"node": 14,
			"K": [
				[746.338,0,358.159],
				[0,746.193,220.569],
				[0,0,1]
			],
			"distCoef": [-0.337464,0.118465,0.000788342,0.000552581,-0.00641829],
			"R": [
				[0.9595923712,-0.0131724426,0.281085339],
				[0.06887511612,0.979514515,-0.1892287853],
				[-0.2728345642,0.2009422842,0.9408419097]
			],
			"t": [
				[71.32316635],
				[136.50051],
				[299.7739858]
			]
		},
		{
			"name": "02_15",
			"type": "vga",
			"resolution": [640,480],
			"panel": 2,
			"node": 15,
			"K": [
				[748.279,0,374.528],
				[0,748.146,232.724],
				[0,0,1]
			],
			"distCoef": [-0.359567,0.227412,0.000798652,0.00151541,-0.164775],
			"R": [
				[0.9701127525,-0.02956664196,0.2408465509],
				[0.08290930519,0.9732029113,-0.2144810961],
				[-0.2280510787,0.2280392667,0.9465679048]
			],
			"t": [
				[48.38072892],
				[147.1311565],
				[306.3156046]
			]
		},
		{
			"name": "02_16",
			"type": "vga",
			"resolution": [640,480],
			"panel": 2,
			"node": 16,
			"K": [
				[749.653,0,368.709],
				[0,749.571,213.119],
				[0,0,1]
			],
			"distCoef": [-0.359324,0.237579,-0.00132739,0.000264932,-0.221343],
			"R": [
				[0.9799448716,0.01285651663,0.198853611],
				[0.03432013023,0.9721151675,-0.2319789426],
				[-0.1962910525,0.234151257,0.9521780356]
			],
			"t": [
				[28.59995882],
				[153.8920311],
				[308.4438987]
			]
		},
		{
			"name": "02_17",
			"type": "vga",
			"resolution": [640,480],
			"panel": 2,
			"node": 17,
			"K": [
				[743.787,0,372.267],
				[0,744.201,259.345],
				[0,0,1]
			],
			"distCoef": [-0.302893,-0.0787969,-0.000106719,-0.000583841,0.281619],
			"R": [
				[0.9666112133,0.05423911829,0.2504413711],
				[-0.001026407264,0.9781535458,-0.2078811854],
				[-0.2562454074,0.20068323,0.9455498572]
			],
			"t": [
				[46.15296266],
				[182.4264234],
				[300.3621731]
			]
		},
		{
			"name": "02_18",
			"type": "vga",
			"resolution": [640,480],
			"panel": 2,
			"node": 18,
			"K": [
				[746.784,0,379.41],
				[0,747.341,214.87],
				[0,0,1]
			],
			"distCoef": [-0.313366,-0.00153026,-0.0011534,-0.00107524,0.135528],
			"R": [
				[0.9716361685,0.01147709621,0.2362021005],
				[0.02321193027,0.9893696876,-0.1435577499],
				[-0.2353388245,0.1449686088,0.9610409669]
			],
			"t": [
				[15.60890455],
				[213.5485661],
				[289.2100391]
			]
		},
		{
			"name": "02_19",
			"type": "vga",
			"resolution": [640,480],
			"panel": 2,
			"node": 19,
			"K": [
				[745.874,0,379.472],
				[0,745.897,233.103],
				[0,0,1]
			],
			"distCoef": [-0.328351,0.087698,-8.01289e-05,0.000193215,0.0181588],
			"R": [
				[0.977777042,0.05608519687,0.202006205],
				[-0.0108931325,0.9758416571,-0.2182072406],
				[-0.2093642659,0.2111575499,0.9547665124]
			],
			"t": [
				[4.560564934],
				[158.7595973],
				[304.1709438]
			]
		},
		{
			"name": "02_20",
			"type": "vga",
			"resolution": [640,480],
			"panel": 2,
			"node": 20,
			"K": [
				[747.184,0,392.866],
				[0,747.243,227.375],
				[0,0,1]
			],
			"distCoef": [-0.335141,0.124721,-0.000110872,0.00130247,-0.0247169],
			"R": [
				[0.9796646437,0.0303642012,0.1983310396],
				[0.01916121418,0.9698060518,-0.2431235688],
				[-0.1997248954,0.241979828,0.9495028852]
			],
			"t": [
				[-19.01322703],
				[136.5145238],
				[308.7476783]
			]
		},
		{
			"name": "02_21",
			"type": "vga",
			"resolution": [640,480],
			"panel": 2,
			"node": 21,
			"K": [
				[748.287,0,358.794],
				[0,748.207,237.271],
				[0,0,1]
			],
			"distCoef": [-0.343637,0.153239,0.000623326,0.000350683,-0.0571727],
			"R": [
				[0.975154845,0.08966125356,0.2025682303],
				[-0.03718298406,0.9677043815,-0.2493304146],
				[-0.2183814416,0.2356036705,0.9469954891]
			],
			"t": [
				[-3.772947659],
				[117.7527052],
				[308.1763467]
			]
		},
		{
			"name": "02_22",
			"type": "vga",
			"resolution": [640,480],
			"panel": 2,
			"node": 22,
			"K": [
				[746.63,0,374.93],
				[0,746.707,247.471],
				[0,0,1]
			],
			"distCoef": [-0.329248,0.0976337,0.00077235,-0.00100512,0.00654263],
			"R": [
				[0.9815654424,0.07795479172,0.1745059679],
				[-0.03391039022,0.9695859386,-0.2423905797],
				[-0.1880940398,0.2320046512,0.9543555281]
			],
			"t": [
				[4.550960797],
				[109.6003328],
				[307.809731]
			]
		},
		{
			"name": "02_23",
			"type": "vga",
			"resolution": [640,480],
			"panel": 2,
			"node": 23,
			"K": [
				[745.344,0,375.036],
				[0,745.362,236.097],
				[0,0,1]
			],
			"distCoef": [-0.333449,0.0836708,0.000450443,0.000212558,0.0409202],
			"R": [
				[0.9767600778,0.006769205431,0.214228682],
				[0.04538450156,0.9703054305,-0.2375870756],
				[-0.2094755293,0.2417882324,0.9474483908]
			],
			"t": [
				[20.14267451],
				[118.8683277],
				[309.0062135]
			]
		},
		{
			"name": "02_24",
			"type": "vga",
			"resolution": [640,480],
			"panel": 2,
			"node": 24,
			"K": [
				[749.24,0,365.7],
				[0,749.478,236.102],
				[0,0,1]
			],
			"distCoef": [-0.353694,0.218221,-9.65721e-05,-0.000852815,-0.193629],
			"R": [
				[0.9833588051,-0.01939113823,0.1806362203],
				[0.06104226123,0.9717482617,-0.2279893818],
				[-0.1711119595,0.2352218094,0.9567608885]
			],
			"t": [
				[0.3689459319],
				[141.0267804],
				[308.4647032]
			]
		},
		{
			"name": "03_01",
			"type": "vga",
			"resolution": [640,480],
			"panel": 3,
			"node": 1,
			"K": [
				[746.639,0,363.426],
				[0,746.942,223.44],
				[0,0,1]
			],
			"distCoef": [-0.343763,0.162395,-0.000683016,0.000614398,-0.097649],
			"R": [
				[0.7987128387,0.146828027,-0.5835232059],
				[-0.3239973298,0.9221246264,-0.2114518946],
				[0.5070340537,0.3579493036,0.7840846666]
			],
			"t": [
				[-11.96420245],
				[104.764011],
				[326.0160155]
			]
		},
		{
			"name": "03_02",
			"type": "vga",
			"resolution": [640,480],
			"panel": 3,
			"node": 2,
			"K": [
				[747.095,0,367.677],
				[0,747.295,218.753],
				[0,0,1]
			],
			"distCoef": [-0.323394,0.0426921,-0.00037417,0.00113404,0.0950208],
			"R": [
				[0.7936899029,0.123322361,-0.5956911392],
				[-0.341813624,0.9004414076,-0.2690143451],
				[0.5032094837,0.4171293165,0.7568245165]
			],
			"t": [
				[-22.51040615],
				[62.88475272],
				[330.7631368]
			]
		},
		{
			"name": "03_03",
			"type": "vga",
			"resolution": [640,480],
			"panel": 3,
			"node": 3,
			"K": [
				[749.348,0,350.64],
				[0,749.447,213.318],
				[0,0,1]
			],
			"distCoef": [-0.341324,0.14075,-0.000193593,-8.42838e-05,-0.0801448],
			"R": [
				[0.8160687171,0.0616109277,-0.5746615896],
				[-0.2628519637,0.9250852109,-0.2740915865],
				[0.5147239009,0.3747284967,0.7711276546]
			],
			"t": [
				[-5.734021748],
				[70.49170829],
				[328.0093258]
			]
		},
		{
			"name": "03_04",
			"type": "vga",
			"resolution": [640,480],
			"panel": 3,
			"node": 4,
			"K": [
				[746.063,0,376.033],
				[0,746.045,213.273],
				[0,0,1]
			],
			"distCoef": [-0.345196,0.133569,-0.000309218,0.00174307,0.0078919],
			"R": [
				[0.849138934,-0.03578402009,-0.5269559513],
				[-0.1874686644,0.912321109,-0.3640407861],
				[0.4937798807,0.4079089335,0.7679789915]
			],
			"t": [
				[7.2912322],
				[73.07165673],
				[330.75543]
			]
		},
		{
			"name": "03_05",
			"type": "vga",
			"resolution": [640,480],
			"panel": 3,
			"node": 5,
			"K": [
				[748.254,0,375.895],
				[0,748.585,251.127],
				[0,0,1]
			],
			"distCoef": [-0.353914,0.191922,0.00132664,-6.2689e-06,-0.101294],
			"R": [
				[0.868842771,-0.0543332354,-0.4920976923],
				[-0.1706453226,0.9001862319,-0.4006805732],
				[0.4647498393,0.4321025889,0.7728485877]
			],
			"t": [
				[35.79804904],
				[60.34762137],
				[331.5206379]
			]
		},
		{
			"name": "03_06",
			"type": "vga",
			"resolution": [640,480],
			"panel": 3,
			"node": 6,
			"K": [
				[745.952,0,377.959],
				[0,745.827,240.097],
				[0,0,1]
			],
			"distCoef": [-0.323954,0.0411981,-0.000955787,-7.37437e-05,0.104248],
			"R": [
				[0.8842230034,-0.06527945616,-0.4624805649],
				[-0.1077222647,0.9349863382,-0.3379296687],
				[0.4544728748,0.3486246405,0.8197043773]
			],
			"t": [
				[56.69612039],
				[107.8904631],
				[321.8590135]
			]
		},
		{
			"name": "03_07",
			"type": "vga",
			"resolution": [640,480],
			"panel": 3,
			"node": 7,
			"K": [
				[746.235,0,393.379],
				[0,746.581,229.624],
				[0,0,1]
			],
			"distCoef": [-0.335465,0.111052,0.000823942,0.000808928,-0.00223312],
			"R": [
				[0.8597579072,-0.03678247917,-0.5093754904],
				[-0.1464914213,0.9377274665,-0.3149721607],
				[0.489240845,0.3454189452,0.8008302865]
			],
			"t": [
				[43.66027296],
				[126.8651615],
				[323.1177333]
			]
		},
		{
			"name": "03_08",
			"type": "vga",
			"resolution": [640,480],
			"panel": 3,
			"node": 8,
			"K": [
				[745.954,0,375.196],
				[0,745.903,233.32],
				[0,0,1]
			],
			"distCoef": [-0.331153,0.0841221,-0.000124885,-0.00117389,0.0224169],
			"R": [
				[0.8710110662,-0.0870292459,-0.4834931571],
				[-0.1178256285,0.9184483762,-0.3775840324],
				[0.4769243587,0.3858477557,0.7897244238]
			],
			"t": [
				[52.27139139],
				[132.7239309],
				[327.6501135]
			]
		},
		{
			"name": "03_09",
			"type": "vga",
			"resolution": [640,480],
			"panel": 3,
			"node": 9,
			"K": [
				[746.878,0,387.574],
				[0,746.827,217.911],
				[0,0,1]
			],
			"distCoef": [-0.334041,0.111684,0.000603103,0.0011864,-0.00646429],
			"R": [
				[0.8702459384,-0.1622751251,-0.4651223393],
				[-0.06044536824,0.9018755763,-0.4277461891],
				[0.4888950442,0.4003588748,0.7750447775]
			],
			"t": [
				[27.91994549],
				[149.6106727],
				[331.1816206]
			]
		},
		{
			"name": "03_10",
			"type": "vga",
			"resolution": [640,480],
			"panel": 3,
			"node": 10,
			"K": [
				[745.969,0,374.122],
				[0,746.081,230.58],
				[0,0,1]
			],
			"distCoef": [-0.329694,0.0718817,0.00047037,0.000275433,0.0591776],
			"R": [
				[0.8514128527,-0.104638032,-0.5139523679],
				[-0.1529251414,0.8877966604,-0.4340863865],
				[0.501707141,0.4481829672,0.7398797014]
			],
			"t": [
				[9.314219044],
				[132.0159589],
				[339.8841663]
			]
		},
		{
			"name": "03_11",
			"type": "vga",
			"resolution": [640,480],
			"panel": 3,
			"node": 11,
			"K": [
				[747.443,0,370.136],
				[0,747.576,237.056],
				[0,0,1]
			],
			"distCoef": [-0.341646,0.145954,0.000964521,-0.0017095,-0.0647414],
			"R": [
				[0.8562262232,-0.0637060082,-0.5126579749],
				[-0.1598973794,0.910954295,-0.3802566245],
				[0.4912326158,0.4075583602,0.7697965317]
			],
			"t": [
				[14.24691859],
				[167.4230112],
				[333.4121355]
			]
		},
		{
			"name": "03_12",
			"type": "vga",
			"resolution": [640,480],
			"panel": 3,
			"node": 12,
			"K": [
				[746.277,0,372.334],
				[0,746.2,240.662],
				[0,0,1]
			],
			"distCoef": [-0.327942,0.0909973,0.00169647,0.000164123,0.0208481],
			"R": [
				[0.7996146569,0.01493894031,-0.600327601],
				[-0.2713228583,0.9008215372,-0.3389756106],
				[0.535724096,0.4339324672,0.7243633804]
			],
			"t": [
				[-7.627425529],
				[163.6090243],
				[338.5490231]
			]
		},
		{
			"name": "03_13",
			"type": "vga",
			"resolution": [640,480],
			"panel": 3,
			"node": 13,
			"K": [
				[746.94,0,356.11],
				[0,747.028,222],
				[0,0,1]
			],
			"distCoef": [-0.319023,0.0213119,-0.000824922,-0.000124674,0.0917681],
			"R": [
				[0.7909869195,0.003526702578,-0.6118228956],
				[-0.2525027196,0.9127341064,-0.3211834798],
				[0.5572989052,0.4085388763,0.7228512411]
			],
			"t": [
				[-26.80707387],
				[156.1805384],
				[332.0301794]
			]
		},
		{
			"name": "03_14",
			"type": "vga",
			"resolution": [640,480],
			"panel": 3,
			"node": 14,
			"K": [
				[744.999,0,367.588],
				[0,745.284,234.34],
				[0,0,1]
			],
			"distCoef": [-0.32701,0.0660155,0.00048951,0.000336937,0.0651683],
			"R": [
				[0.774184698,0.08759648483,-0.6268691325],
				[-0.3054079546,0.9191597985,-0.2487393136],
				[0.554404216,0.3840209899,0.7383521142]
			],
			"t": [
				[-27.42221843],
				[176.3947478],
				[326.6465438]
			]
		},
		{
			"name": "03_15",
			"type": "vga",
			"resolution": [640,480],
			"panel": 3,
			"node": 15,
			"K": [
				[748.997,0,379.451],
				[0,748.973,235.934],
				[0,0,1]
			],
			"distCoef": [-0.348761,0.184721,0.000631097,0.000639578,-0.101974],
			"R": [
				[0.8507712626,0.09513019664,-0.5168544325],
				[-0.2644247742,0.9274082427,-0.2645628283],
				[0.4541671471,0.3617515681,0.8141670624]
			],
			"t": [
				[-5.51983189],
				[162.8236528],
				[326.9428952]
			]
		},
		{
			"name": "03_16",
			"type": "vga",
			"resolution": [640,480],
			"panel": 3,
			"node": 16,
			"K": [
				[745.909,0,370.949],
				[0,745.997,216.613],
				[0,0,1]
			],
			"distCoef": [-0.32885,0.0799808,-0.000973484,0.000218672,0.0243086],
			"R": [
				[0.7849428671,0.08051092918,-0.6143148099],
				[-0.2783424914,0.9316537862,-0.2335523072],
				[0.5535252053,0.3543151323,0.7537046067]
			],
			"t": [
				[-38.9395868],
				[148.8159044],
				[321.8862281]
			]
		},
		{
			"name": "03_17",
			"type": "vga",
			"resolution": [640,480],
			"panel": 3,
			"node": 17,
			"K": [
				[745.063,0,385.62],
				[0,745.023,243.872],
				[0,0,1]
			],
			"distCoef": [-0.31263,-0.0203295,-0.000804513,4.6562e-05,0.187399],
			"R": [
				[0.8092003734,0.1403332804,-0.5705272353],
				[-0.3059678201,0.929642639,-0.2053004063],
				[0.5015759651,0.3406921399,0.7952046384]
			],
			"t": [
				[-25.70228484],
				[137.4323286],
				[323.3621221]
			]
		},
		{
			"name": "03_18",
			"type": "vga",
			"resolution": [640,480],
			"panel": 3,
			"node": 18,
			"K": [
				[748.39,0,388.897],
				[0,748.386,245.576],
				[0,0,1]
			],
			"distCoef": [-0.352306,0.189994,-0.000398352,-0.000399578,-0.111634],
			"R": [
				[0.7900331403,0.1437212986,-0.5959797191],
				[-0.346125064,0.906941212,-0.2401147185],
				[0.5060089697,0.3959821035,0.7662591574]
			],
			"t": [
				[-36.47069024],
				[99.20970885],
				[329.4902477]
			]
		},
		{
			"name": "03_19",
			"type": "vga",
			"resolution": [640,480],
			"panel": 3,
			"node": 19,
			"K": [
				[744.791,0,380.101],
				[0,744.813,233.295],
				[0,0,1]
			],
			"distCoef": [-0.328798,0.0848248,0.000337888,0.000334817,0.0462243],
			"R": [
				[0.8187298336,0.0967808617,-0.5659637129],
				[-0.2684317898,0.9358585509,-0.2282830413],
				[0.5075685507,0.3388247888,0.7921943756]
			],
			"t": [
				[-0.3388390229],
				[124.0821944],
				[323.1859478]
			]
		},
		{
			"name": "03_20",
			"type": "vga",
			"resolution": [640,480],
			"panel": 3,
			"node": 20,
			"K": [
				[747.346,0,355.921],
				[0,747.313,215.47],
				[0,0,1]
			],
			"distCoef": [-0.341301,0.143887,9.86359e-05,-0.000667152,-0.0625508],
			"R": [
				[0.8764799431,0.003574885989,-0.4814251026],
				[-0.1786221306,0.9310148881,-0.3182851121],
				[0.4470761051,0.3649636945,0.8166544299]
			],
			"t": [
				[25.99454559],
				[109.3703975],
				[325.5984248]
			]
		},
		{
			"name": "03_21",
			"type": "vga",
			"resolution": [640,480],
			"panel": 3,
			"node": 21,
			"K": [
				[745.829,0,370.402],
				[0,746.136,251.185],
				[0,0,1]
			],
			"distCoef": [-0.313715,-0.00940365,-0.0007995,3.22222e-05,0.187569],
			"R": [
				[0.8600753235,-0.01529525172,-0.5099377347],
				[-0.1530143251,0.9457985003,-0.2864468765],
				[0.4866796218,0.3243936683,0.8111175585]
			],
			"t": [
				[27.43245434],
				[138.7311197],
				[320.0151899]
			]
		},
		{
			"name": "03_22",
			"type": "vga",
			"resolution": [640,480],
			"panel": 3,
			"node": 22,
			"K": [
				[751.831,0,362.869],
				[0,751.965,225.964],
				[0,0,1]
			],
			"distCoef": [-0.364288,0.23774,-0.000157559,-0.0014592,-0.195512],
			"R": [
				[0.8314985477,-0.01299456933,-0.5553749242],
				[-0.25594516,0.8783390052,-0.4037482719],
				[0.4930539933,0.4778616255,0.72701171]
			],
			"t": [
				[9.264307043],
				[102.709872],
				[341.9175974]
			]
		},
		{
			"name": "03_23",
			"type": "vga",
			"resolution": [640,480],
			"panel": 3,
			"node": 23,
			"K": [
				[745.377,0,365.941],
				[0,745.254,236.063],
				[0,0,1]
			],
			"distCoef": [-0.330233,0.0761602,0.00068931,-0.000847853,0.0431263],
			"R": [
				[0.8318542072,0.02584526633,-0.5543920997],
				[-0.2521872415,0.9074357842,-0.3360980404],
				[0.4943886863,0.4193951833,0.7613721213]
			],
			"t": [
				[-0.7194898199],
				[131.1338555],
				[334.2123323]
			]
		},
		{
			"name": "03_24",
			"type": "vga",
			"resolution": [640,480],
			"panel": 3,
			"node": 24,
			"K": [
				[747.064,0,371.977],
				[0,747.403,224.918],
				[0,0,1]
			],
			"distCoef": [-0.337002,0.124361,5.9214e-05,0.00109886,-0.024395],
			"R": [
				[0.8641317609,0.03017206738,-0.5023603747],
				[-0.2184738722,0.9217282837,-0.3204467791],
				[0.4533712242,0.3866608558,0.8030864933]
			],
			"t": [
				[2.723172021],
				[126.718482],
				[329.6139897]
			]
		},
		{
			"name": "04_01",
			"type": "vga",
			"resolution": [640,480],
			"panel": 4,
			"node": 1,
			"K": [
				[746.96,0,369.35],
				[0,747.054,246.056],
				[0,0,1]
			],
			"distCoef": [-0.337158,0.116893,-0.000363776,0.000773188,-0.00695248],
			"R": [
				[0.05936528704,-0.06089495955,-0.996377221],
				[-0.08239365302,0.9944328714,-0.06568523543],
				[0.9948301607,0.08599458189,0.05401743469]
			],
			"t": [
				[-62.1660921],
				[136.3198906],
				[286.313597]
			]
		},
		{
			"name": "04_02",
			"type": "vga",
			"resolution": [640,480],
			"panel": 4,
			"node": 2,
			"K": [
				[746.401,0,383.291],
				[0,746.316,224.306],
				[0,0,1]
			],
			"distCoef": [-0.331108,0.0841469,-0.000666157,-0.000172076,0.0358158],
			"R": [
				[0.1234754012,-0.01813848545,-0.9921818486],
				[-0.009257763359,0.9997683714,-0.01942929125],
				[0.9923044488,0.01158442429,0.123278879]
			],
			"t": [
				[-56.04655479],
				[148.91478],
				[279.0050866]
			]
		},
		{
			"name": "04_03",
			"type": "vga",
			"resolution": [640,480],
			"panel": 4,
			"node": 3,
			"K": [
				[743.573,0,378.387],
				[0,743.229,259.47],
				[0,0,1]
			],
			"distCoef": [-0.318789,0.00467084,0.000338281,0.00111299,0.169252],
			"R": [
				[0.08407570835,0.04158317743,-0.9955913392],
				[-0.08722680652,0.9956006485,0.03421743594],
				[0.9926342526,0.08396539795,0.08733299753]
			],
			"t": [
				[-52.65697054],
				[110.9685202],
				[286.2883292]
			]
		},
		{
			"name": "04_04",
			"type": "vga",
			"resolution": [640,480],
			"panel": 4,
			"node": 4,
			"K": [
				[744.409,0,395.583],
				[0,744.373,223.858],
				[0,0,1]
			],
			"distCoef": [-0.315974,0.00252609,-0.000746423,0.000379962,0.146966],
			"R": [
				[0.1065519767,0.05680363361,-0.9926832443],
				[-0.0381153151,0.9978663567,0.05300902685],
				[0.9935763177,0.03218821806,0.1084897212]
			],
			"t": [
				[-24.66396893],
				[117.9959069],
				[281.5892859]
			]
		},
		{
			"name": "04_05",
			"type": "vga",
			"resolution": [640,480],
			"panel": 4,
			"node": 5,
			"K": [
				[747.058,0,365.77],
				[0,747.285,259.446],
				[0,0,1]
			],
			"distCoef": [-0.343287,0.144664,0.000830943,0.000299758,-0.0319634],
			"R": [
				[0.148706854,0.01120061075,-0.9888178891],
				[-0.05049893831,0.998717193,0.003718282525],
				[0.9875910737,0.04938131948,0.1490817108]
			],
			"t": [
				[-14.42519863],
				[90.42594089],
				[284.3915335]
			]
		},
		{
			"name": "04_06",
			"type": "vga",
			"resolution": [640,480],
			"panel": 4,
			"node": 6,
			"K": [
				[746.161,0,362.61],
				[0,746.317,224.883],
				[0,0,1]
			],
			"distCoef": [-0.324332,0.0574711,-0.000200216,0.00143225,0.0724459],
			"R": [
				[0.1117701473,0.09498906148,-0.9891837607],
				[-0.08856985997,0.9924115941,0.08529131087],
				[0.9897791744,0.07807884479,0.1193351579]
			],
			"t": [
				[3.953570056],
				[75.41098585],
				[285.9317075]
			]
		},
		{
			"name": "04_07",
			"type": "vga",
			"resolution": [640,480],
			"panel": 4,
			"node": 7,
			"K": [
				[745.453,0,375.537],
				[0,745.363,218.426],
				[0,0,1]
			],
			"distCoef": [-0.314729,-0.00107128,-0.00107936,-0.000153446,0.153081],
			"R": [
				[0.09806001876,-0.05850491214,-0.9934593137],
				[-0.03706002324,0.9973633673,-0.06239285484],
				[0.9944902148,0.04293586977,0.0956332771]
			],
			"t": [
				[0.9795891179],
				[99.28165612],
				[283.0599213]
			]
		},
		{
			"name": "04_08",
			"type": "vga",
			"resolution": [640,480],
			"panel": 4,
			"node": 8,
			"K": [
				[745.886,0,366.246],
				[0,745.602,236.868],
				[0,0,1]
			],
			"distCoef": [-0.328792,0.0656227,0.00030302,-0.000531629,0.0720772],
			"R": [
				[0.1206879955,-0.02048132689,-0.9924791801],
				[-0.04523821212,0.9986349689,-0.0261094428],
				[0.9916591712,0.04804907999,0.119596714]
			],
			"t": [
				[32.59971098],
				[92.52097984],
				[283.0439107]
			]
		},
		{
			"name": "04_09",
			"type": "vga",
			"resolution": [640,480],
			"panel": 4,
			"node": 9,
			"K": [
				[747.196,0,355.391],
				[0,747.076,217.997],
				[0,0,1]
			],
			"distCoef": [-0.349276,0.191526,-0.0007907,-9.56909e-06,-0.130551],
			"R": [
				[0.108992968,0.01282964063,-0.9939597242],
				[-0.0445653745,0.9989743774,0.008007537557],
				[0.9930430304,0.04342342206,0.1094529401]
			],
			"t": [
				[49.03824375],
				[107.1917601],
				[282.7744706]
			]
		},
		{
			"name": "04_10",
			"type": "vga",
			"resolution": [640,480],
			"panel": 4,
			"node": 10,
			"K": [
				[743.931,0,373.874],
				[0,743.957,209.918],
				[0,0,1]
			],
			"distCoef": [-0.31593,-0.0042168,-0.00166427,2.63223e-05,0.166884],
			"R": [
				[0.08954985422,-0.02033778009,-0.9957746725],
				[-0.0540230876,0.9982204889,-0.02524602111],
				[0.9945161284,0.05605559987,0.08829178958]
			],
			"t": [
				[34.49366828],
				[126.1171415],
				[284.7317669]
			]
		},
		{
			"name": "04_11",
			"type": "vga",
			"resolution": [640,480],
			"panel": 4,
			"node": 11,
			"K": [
				[743.561,0,378.871],
				[0,743.584,231.36],
				[0,0,1]
			],
			"distCoef": [-0.317758,0.0201921,1.265e-05,-0.000253494,0.118207],
			"R": [
				[0.1184647171,-0.01031936212,-0.9929046387],
