{
	"calibDataSource": "j:\/calibration\/170407_calib_rawData\/full\/output_norm",
	"cameras": [
		{
			"name": "01_01",
			"type": "vga",
			"resolution": [640,480],
			"panel": 1,
			"node": 1,
			"K": [
				[746.567,0,374.341],
				[0,746.766,226.193],
				[0,0,1]
			],
			"distCoef": [-0.332658,0.103647,-0.000655251,0.000939657,-0.00499646],
			"R": [
				[0.9607317258,0.0283721866,-0.2760245825],
				[-0.05050319571,0.9960228998,-0.07340170434],
				[0.2728442383,0.0844594696,0.9583436856]
			],
			"t": [
				[-49.36976672],
				[143.1185228],
				[283.0517677]
			]
		},
		{
			"name": "01_02",
			"type": "vga",
			"resolution": [640,480],
			"panel": 1,
			"node": 2,
			"K": [
				[747.006,0,368.734],
				[0,747.157,227.193],
				[0,0,1]
			],
			"distCoef": [-0.353164,0.219129,-0.000676649,0.000174902,-0.195009],
			"R": [
				[0.9713957297,-0.01703548274,-0.2368546571],
				[0.006055729893,0.9988762033,-0.04700700545],
				[0.2373892677,0.04422807654,0.9704072407]
			],
			"t": [
				[-63.98108444],
				[141.3604242],
				[279.2680238]
			]
		},
		{
			"name": "01_03",
			"type": "vga",
			"resolution": [640,480],
			"panel": 1,
			"node": 3,
			"K": [
				[747.783,0,379.639],
				[0,747.845,239.578],
				[0,0,1]
			],
			"distCoef": [-0.339703,0.125515,-0.000889777,0.000980884,-0.019663],
			"R": [
				[0.9657834657,0.05604496644,-0.2532217587],
				[-0.07092155157,0.9962279101,-0.05000084569],
				[0.2494642878,0.06624887006,0.9661152397]
			],
			"t": [
				[-52.84128182],
				[118.3503994],
				[281.9446858]
			]
		},
		{
			"name": "01_04",
			"type": "vga",
			"resolution": [640,480],
			"panel": 1,
			"node": 4,
			"K": [
				[749.113,0,367.743],
				[0,749.119,235.09],
				[0,0,1]
			],
			"distCoef": [-0.342317,0.143653,-0.00113879,-0.00061997,-0.0492567],
			"R": [
				[0.9654210014,0.08564578161,-0.2462256895],
				[-0.1116544497,0.9893232869,-0.09366278768],
				[0.2355749858,0.1179162161,0.964676211]
			],
			"t": [
				[-27.55905246],
				[96.01683686],
				[288.0318336]
			]
		},
		{
			"name": "01_05",
			"type": "vga",
			"resolution": [640,480],
			"panel": 1,
			"node": 5,
			"K": [
				[743.849,0,353.698],
				[0,743.856,210.021],
				[0,0,1]
			],
			"distCoef": [-0.313417,-0.0110282,-0.000589876,-0.000568117,0.161677],
			"R": [
				[0.9712425225,0.05074676931,-0.2326214261],
				[-0.07289434693,0.9934834458,-0.08761881692],
				[0.2266591641,0.1020559077,0.9686125206]
			],
			"t": [
				[-25.06714115],
				[77.55154537],
				[286.0089196]
			]
		},
		{
			"name": "01_06",
			"type": "vga",
			"resolution": [640,480],
			"panel": 1,
			"node": 6,
			"K": [
				[744.516,0,371.585],
				[0,744.792,242.414],
				[0,0,1]
			],
			"distCoef": [-0.326208,0.054379,0.00116737,-0.000192073,0.0869319],
			"R": [
				[0.9677432792,0.07468202762,-0.2406149211],
				[-0.09437617359,0.9929744963,-0.0713777802],
				[0.2335938427,0.09178368263,0.9679925993]
			],
			"t": [
				[-4.937553621],
				[72.87188648],
				[285.0552624]
			]
		},
		{
			"name": "01_07",
			"type": "vga",
			"resolution": [640,480],
			"panel": 1,
			"node": 7,
			"K": [
				[749.604,0,380.185],
				[0,749.664,229.629],
				[0,0,1]
			],
			"distCoef": [-0.359085,0.242599,-0.000518717,0.00136617,-0.192716],
			"R": [
				[0.9664275536,-0.02981430776,-0.255203626],
				[0.017413059,0.9985612922,-0.0507161825],
				[0.2563485304,0.04456964039,0.965556305]
			],
			"t": [
				[-2.651562349],
				[99.11376673],
				[280.6568422]
			]
		},
		{
			"name": "01_08",
			"type": "vga",
			"resolution": [640,480],
			"panel": 1,
			"node": 8,
			"K": [
				[746.488,0,362.444],
				[0,746.722,218.21],
				[0,0,1]
			],
			"distCoef": [-0.340147,0.145432,-0.000625539,-0.00132791,-0.078204],
			"R": [
				[0.9641973838,0.06458610152,-0.2572003898],
				[-0.07847212127,0.995941085,-0.04408493321],
				[0.2533091613,0.06268963744,0.965351997]
			],
			"t": [
				[27.62164153],
				[86.53239426],
				[282.9631809]
			]
		},
		{
			"name": "01_09",
			"type": "vga",
			"resolution": [640,480],
			"panel": 1,
			"node": 9,
			"K": [
				[747.062,0,339.199],
				[0,747.05,237.098],
				[0,0,1]
			],
			"distCoef": [-0.324942,0.072246,0.000682957,-0.000321728,0.0377888],
			"R": [
				[0.9641895708,0.07255476505,-0.2550966047],
				[-0.0904375662,0.9941487319,-0.05907068221],
				[0.2493181066,0.0800256518,0.9651095154]
			],
			"t": [
				[46.17466017],
				[94.62220515],
				[284.324621]
			]
		},
		{
			"name": "01_10",
			"type": "vga",
			"resolution": [640,480],
			"panel": 1,
			"node": 10,
			"K": [
				[749.081,0,377.76],
				[0,749.532,229.113],
				[0,0,1]
			],
			"distCoef": [-0.36482,0.28393,-0.00117275,0.000666651,-0.276956],
			"R": [
				[0.9657220206,-0.0015851022,-0.2595736244],
				[-0.009945996183,0.9990210893,-0.04310383261],
				[0.2593878489,0.0442080386,0.9647608995]
			],
			"t": [
				[31.94435218],
				[129.3332444],
				[280.356169]
			]
		},
		{
			"name": "01_11",
			"type": "vga",
			"resolution": [640,480],
			"panel": 1,
			"node": 11,
			"K": [
				[748.044,0,364.012],
				[0,747.654,222.617],
				[0,0,1]
			],
			"distCoef": [-0.354491,0.199101,0.000557953,0.00136593,-0.119539],
			"R": [
				[0.9863598116,-0.01317353141,-0.1640755315],
				[0.004759296646,0.9986580106,-0.05157060075],
				[0.1645347108,0.05008628392,0.985098824]
			],
			"t": [
				[72.36466751],
				[143.2168408],
				[275.278016]
			]
		},
		{
			"name": "01_12",
			"type": "vga",
			"resolution": [640,480],
			"panel": 1,
			"node": 12,
			"K": [
				[746.529,0,359.703],
				[0,746.637,227.213],
				[0,0,1]
			],
			"distCoef": [-0.344962,0.185304,-0.000686749,-0.00196054,-0.159656],
			"R": [
				[0.9576818527,0.08513037601,-0.2749514285],
				[-0.09750159626,0.994732988,-0.03161837021],
				[0.2708115723,0.05708854254,0.9609380785]
			],
			"t": [
				[55.70638889],
				[157.1509727],
				[282.3235075]
			]
		},
		{
			"name": "01_13",
			"type": "vga",
			"resolution": [640,480],
			"panel": 1,
			"node": 13,
			"K": [
				[745.365,0,339.995],
				[0,745.537,216.624],
				[0,0,1]
			],
			"distCoef": [-0.33562,0.134193,-0.000163181,-0.00111967,-0.0939516],
			"R": [
				[0.9718291122,-0.06268026135,-0.227198947],
				[0.03817051451,0.9931192089,-0.11071246],
				[0.2325751244,0.09892129104,0.9675346969]
			],
			"t": [
				[21.67742705],
				[153.8790089],
				[287.2035629]
			]
		},
		{
			"name": "01_14",
			"type": "vga",
			"resolution": [640,480],
			"panel": 1,
			"node": 14,
			"K": [
				[748.004,0,363.985],
				[0,748.345,236.219],
				[0,0,1]
			],
			"distCoef": [-0.362319,0.266804,-0.000788195,-1.36139e-05,-0.258769],
			"R": [
				[0.9633852562,0.006755435277,-0.2680358414],
				[-0.02513518115,0.9975556029,-0.06520001402],
				[0.2669402009,0.06954986163,0.9612001591]
			],
			"t": [
				[20.73120788],
				[181.2788264],
				[283.5123217]
			]
		},
		{
			"name": "01_15",
			"type": "vga",
			"resolution": [640,480],
			"panel": 1,
			"node": 15,
			"K": [
				[746.949,0,366.737],
				[0,747.111,217.704],
				[0,0,1]
			],
			"distCoef": [-0.341851,0.142192,-0.00169687,-0.000898709,-0.06825],
			"R": [
				[0.9592935895,0.03513539369,-0.2802165472],
				[-0.06242713334,0.9940670548,-0.08907044122],
				[0.2754245127,0.102937819,0.9557955551]
			],
			"t": [
				[2.364212268],
				[173.2805791],
				[288.8386199]
			]
		},
		{
			"name": "01_16",
			"type": "vga",
			"resolution": [640,480],
			"panel": 1,
			"node": 16,
			"K": [
				[749.76,0,372.321],
				[0,749.775,229.132],
				[0,0,1]
			],
			"distCoef": [-0.37586,0.33082,0.00117961,0.000199209,-0.344445],
			"R": [
				[0.967404739,0.05625328409,-0.2469081589],
				[-0.07153141287,0.996010908,-0.05334349132],
				[0.242922473,0.06926643576,0.9675695494]
			],
			"t": [
				[-2.136130453],
				[172.7113859],
				[282.687276]
			]
		},
		{
			"name": "01_17",
			"type": "vga",
			"resolution": [640,480],
			"panel": 1,
			"node": 17,
			"K": [
				[749.916,0,371.859],
				[0,750.408,234.783],
				[0,0,1]
			],
			"distCoef": [-0.367329,0.27939,-0.00109862,0.00224312,-0.234306],
			"R": [
				[0.9641712908,0.02471921795,-0.2641262618],
				[-0.04530010387,0.996367015,-0.07211568475],
				[0.2613840517,0.08149681995,0.9617882542]
			],
			"t": [
				[-33.29919812],
				[172.7015377],
				[284.0358008]
			]
		},
		{
			"name": "01_18",
			"type": "vga",
			"resolution": [640,480],
			"panel": 1,
			"node": 18,
			"K": [
				[744.985,0,363.729],
				[0,745.269,236.963],
				[0,0,1]
			],
			"distCoef": [-0.324011,0.0562473,-0.000985916,-0.000983121,0.0722347],
			"R": [
				[0.9513872971,0.05999057664,-0.3020982316],
				[-0.07249119374,0.9969078298,-0.03032829839],
				[0.2993446804,0.05075341927,0.9527942342]
			],
			"t": [
				[-56.22288332],
				[175.1180726],
				[275.7501988]
			]
		},
		{
			"name": "01_19",
			"type": "vga",
			"resolution": [640,480],
			"panel": 1,
			"node": 19,
			"K": [
				[744.082,0,364.839],
				[0,744.286,220.628],
				[0,0,1]
			],
			"distCoef": [-0.322282,0.0436577,-0.000925067,-0.000321639,0.100966],
			"R": [
				[0.9671717424,0.05280644625,-0.2485765475],
				[-0.06602562759,0.996796348,-0.04514041496],
				[0.2453964898,0.06007095634,0.9675598395]
			],
			"t": [
				[-17.94079366],
				[144.1101537],
				[281.2493042]
			]
		},
		{
			"name": "01_20",
			"type": "vga",
			"resolution": [640,480],
			"panel": 1,
			"node": 20,
			"K": [
				[745.535,0,343.897],
				[0,745.749,245.616],
				[0,0,1]
			],
			"distCoef": [-0.336224,0.122991,0.000916753,-0.00104735,-0.0474778],
			"R": [
				[0.9709360297,0.03467049795,-0.2368146593],
				[-0.04402065738,0.9984413355,-0.03430861945],
				[0.2352560478,0.04373621174,0.9709488842]
			],
			"t": [
				[-13.50358842],
				[127.3442683],
				[279.7543339]
			]
		},
		{
			"name": "01_21",
			"type": "vga",
			"resolution": [640,480],
			"panel": 1,
			"node": 21,
			"K": [
				[743.022,0,365.377],
				[0,743.056,221.911],
				[0,0,1]
			],
			"distCoef": [-0.314917,0.0085611,-0.0010486,8.05962e-05,0.156711],
			"R": [
				[0.9641063564,0.03985356294,-0.2625083373],
				[-0.04912780834,0.9983755016,-0.02885855546],
				[0.2609317767,0.04071917604,0.9644980853]
			],
			"t": [
				[-0.2828452728],
				[121.6298382],
				[279.4757359]
			]
		},
		{
			"name": "01_22",
			"type": "vga",
			"resolution": [640,480],
			"panel": 1,
			"node": 22,
			"K": [
				[745.642,0,363.094],
				[0,745.946,227.236],
				[0,0,1]
			],
			"distCoef": [-0.353172,0.235885,-0.00106455,-0.000445124,-0.239123],
			"R": [
				[0.9616554196,-0.007958356414,-0.2741450683],
				[-0.003770535133,0.9991007993,-0.04223003489],
				[0.2742346386,0.04164441553,0.9607606912]
			],
			"t": [
				[6.000205182],
				[134.7622456],
				[279.7418165]
			]
		},
		{
			"name": "01_23",
			"type": "vga",
			"resolution": [640,480],
			"panel": 1,
			"node": 23,
			"K": [
				[746.28,0,358.199],
				[0,746.394,224.144],
				[0,0,1]
			],
			"distCoef": [-0.335485,0.118033,-0.000667665,0.000730388,-0.00858574],
			"R": [
				[0.9548103288,0.01256440562,-0.2969501167],
				[-0.03799769271,0.9960677749,-0.08003226327],
				[0.2947768842,0.08769905089,0.951533218]
			],
			"t": [
				[-0.8668669521],
				[142.6624709],
				[285.8115503]
			]
		},
		{
			"name": "01_24",
			"type": "vga",
			"resolution": [640,480],
			"panel": 1,
			"node": 24,
			"K": [
				[745.485,0,369.359],
				[0,745.479,244.715],
				[0,0,1]
			],
			"distCoef": [-0.33101,0.087618,-0.000120679,-0.000280483,0.0286119],
			"R": [
				[0.9616013706,0.05398372662,-0.2690883896],
				[-0.07552755969,0.9946585323,-0.07035617794],
				[0.263852974,0.08797818654,0.9605422671]
			],
			"t": [
				[-5.873561556],
				[147.2537565],
				[285.2510646]
			]
		},
		{
			"name": "02_01",
			"type": "vga",
			"resolution": [640,480],
			"panel": 2,
			"node": 1,
			"K": [
				[748.048,0,374.646],
				[0,748.327,234.298],
				[0,0,1]
			],
			"distCoef": [-0.331356,0.0835233,4.70315e-05,-0.000321419,0.0260249],
			"R": [
				[0.9773312105,0.04767899592,0.2062775275],
				[0.0009866727391,0.9732756643,-0.2296377752],
				[-0.2117137962,0.2246356932,0.9511656395]
			],
			"t": [
				[0.9950504258],
				[175.1461286],
				[304.2886525]
			]
		},
		{
			"name": "02_02",
			"type": "vga",
			"resolution": [640,480],
			"panel": 2,
			"node": 2,
			"K": [
				[749.066,0,366.666],
				[0,749.231,211.35],
				[0,0,1]
			],
			"distCoef": [-0.353892,0.209104,0.000755583,-0.000454312,-0.17365],
			"R": [
				[0.9815652549,-0.0566995022,0.1825234695],
				[0.09207127282,0.9771463213,-0.1915931824],
				[-0.1674888987,0.2048663791,0.9643532732]
			],
			"t": [
				[-48.40479143],
				[190.9423415],
				[299.0576891]
			]
		},
		{
			"name": "02_03",
			"type": "vga",
			"resolution": [640,480],
			"panel": 2,
			"node": 3,
			"K": [
				[746.425,0,352.6],
				[0,746.619,252.303],
				[0,0,1]
			],
			"distCoef": [-0.329282,0.056582,-0.000979376,-0.00136242,0.0857494],
			"R": [
				[0.9756947961,0.1277407536,0.1780504557],
				[-0.07692291266,0.960468182,-0.2675513725],
				[-0.2051890115,0.2473523222,0.9469499978]
			],
			"t": [
				[-20.61199002],
				[169.3189468],
				[308.4043418]
			]
		},
		{
			"name": "02_04",
			"type": "vga",
			"resolution": [640,480],
			"panel": 2,
			"node": 4,
			"K": [
				[747.375,0,380.957],
				[0,747.508,224.388],
				[0,0,1]
			],
			"distCoef": [-0.339879,0.129028,-0.000776065,0.000629066,-0.0319856],
			"R": [
				[0.9794644986,0.07502270452,0.1871386911],
				[-0.02745293773,0.9691724328,-0.2448492019],
				[-0.1997389099,0.234683594,0.9513295846]
			],
			"t": [
				[-30.24180403],
				[151.086419],
				[306.1229309]
			]
		},
		{
			"name": "02_05",
			"type": "vga",
			"resolution": [640,480],
			"panel": 2,
			"node": 5,
			"K": [
				[744.714,0,378.139],
				[0,744.629,244.692],
				[0,0,1]
			],
			"distCoef": [-0.32954,0.0666001,-0.000173701,-0.00101348,0.0601761],
			"R": [
				[0.9857765125,0.05732312791,0.1579833107],
				[-0.01608675302,0.9679004557,-0.2508185084],
				[-0.1672898199,0.2447095559,0.9550556787]
			],
			"t": [
				[-59.79649753],
				[135.6364857],
				[305.4523377]
			]
		},
		{
			"name": "02_06",
			"type": "vga",
			"resolution": [640,480],
			"panel": 2,
			"node": 6,
			"K": [
				[745.113,0,352.952],
				[0,745.265,229.063],
				[0,0,1]
			],
			"distCoef": [-0.315879,-0.0158652,-0.000477877,-9.03034e-05,0.211312],
			"R": [
				[0.9815423715,0.06243515838,0.1807662138],
				[-0.01089040648,0.9619222457,-0.2731061923],
				[-0.1909344707,0.2660966821,0.9448473864]
			],
			"t": [
				[-51.50147407],
				[106.9522682],
				[309.4955412]
			]
		},
		{
			"name": "02_07",
			"type": "vga",
			"resolution": [640,480],
			"panel": 2,
			"node": 7,
			"K": [
				[747.834,0,375.694],
				[0,747.763,217.35],
				[0,0,1]
			],
			"distCoef": [-0.339486,0.125683,-0.000624933,0.000285895,-0.0179416],
			"R": [
				[0.977699346,0.09742856279,0.1860421027],
				[-0.0516577645,0.9702270193,-0.2366241881],
				[-0.2035570293,0.2217367948,0.953623264]
			],
			"t": [
				[-24.95399221],
				[111.1880127],
				[305.1438418]
			]
		},
		{
			"name": "02_08",
			"type": "vga",
			"resolution": [640,480],
			"panel": 2,
			"node": 8,
			"K": [
				[748.649,0,346.39],
				[0,748.747,231.519],
				[0,0,1]
			],
			"distCoef": [-0.353581,0.195582,0.000954683,-0.00185023,-0.127981],
			"R": [
				[0.9737869384,0.04512768334,0.2229405544],
				[0.00527072941,0.975381957,-0.2204591967],
				[-0.2274010071,0.2158553455,0.9495763538]
			],
			"t": [
				[-20.4918002],
				[89.74854137],
				[305.9810235]
			]
		},
		{
			"name": "02_09",
			"type": "vga",
			"resolution": [640,480],
			"panel": 2,
			"node": 9,
			"K": [
				[747.315,0,343.917],
				[0,747.417,222.435],
				[0,0,1]
			],
			"distCoef": [-0.330889,0.0884242,0.0003294,0.000420089,0.023149],
			"R": [
				[0.9709643155,0.0257569776,0.2378337151],
				[0.01685612911,0.9843495421,-0.1754190694],
				[-0.2386297736,0.1743346124,0.9553341165]
			],
			"t": [
				[0.6890262027],
				[93.6746856],
				[301.5902474]
			]
		},
		{
			"name": "02_10",
			"type": "vga",
			"resolution": [640,480],
			"panel": 2,
			"node": 10,
			"K": [
				[745.005,0,344.77],
				[0,745.025,231.591],
				[0,0,1]
			],
			"distCoef": [-0.317483,-0.00201113,0.000387055,-0.000138577,0.182636],
			"R": [
				[0.984094922,0.04804608199,0.171022684],
				[-0.009392729227,0.9754565778,-0.2199914579],
				[-0.1773949296,0.2148861068,0.9603931487]
			],
			"t": [
				[2.524319768],
				[94.80373377],
				[304.6953178]
			]
		},
		{
			"name": "02_11",
			"type": "vga",
			"resolution": [640,480],
			"panel": 2,
			"node": 11,
			"K": [
				[749.721,0,373.408],
				[0,749.912,220.227],
				[0,0,1]
			],
			"distCoef": [-0.344075,0.148611,0.000766717,0.000548424,-0.065035],
			"R": [
				[0.9770589881,-0.03989862794,0.2091980718],
				[0.08361307948,0.975287718,-0.2045060391],
				[-0.1958687996,0.2173061586,0.956249678]
			],
			"t": [
				[19.63456807],
				[87.27771879],
				[304.9729725]
			]
		},
		{
			"name": "02_12",
			"type": "vga",
			"resolution": [640,480],
			"panel": 2,
			"node": 12,
			"K": [
				[747.26,0,386.738],
				[0,747.21,224.164],
				[0,0,1]
			],
			"distCoef": [-0.342963,0.135554,-0.00037346,-9.80212e-05,-0.0335329],
			"R": [
				[0.9778865427,-0.05304075113,0.2022982658],
				[0.09411033386,0.9754359479,-0.1991681615],
				[-0.1867649718,0.2138022221,0.9588573695]
			],
			"t": [
				[32.96334703],
				[101.2740784],
				[304.8192081]
			]
		},
		{
			"name": "02_13",
			"type": "vga",
			"resolution": [640,480],
			"panel": 2,
			"node": 13,
			"K": [
				[748.066,0,386.384],
				[0,747.919,241.606],
				[0,0,1]
			],
			"distCoef": [-0.341697,0.123881,0.000688419,0.000108861,-0.0155192],
			"R": [
				[0.9811863795,0.07273984141,0.1788356903],
				[-0.03429409616,0.9772435454,-0.2093298065],
				[-0.189992641,0.1992585466,0.9613526033]
			],
			"t": [
				[41.29569969],
				[121.0909008],
				[302.1594666]
			]
		},
		{
			"name": "02_14",
			"type": "vga",
			"resolution": [640,480],
			"panel": 2,
			"node": 14,
			"K": [
				[746.417,0,358.511],
				[0,746.233,220.909],
				[0,0,1]
			],
			"distCoef": [-0.337156,0.117493,0.000655476,0.000555909,-0.00569436],
			"R": [
				[0.9650710494,-0.01355098313,0.261637613],
				[0.06563097503,0.979322603,-0.1913630433],
				[-0.2536344708,0.2018504647,0.9460052564]
			],
			"t": [
				[65.99204299],
				[136.2545581],
				[298.5333162]
			]
		},
		{
			"name": "02_15",
			"type": "vga",
			"resolution": [640,480],
			"panel": 2,
			"node": 15,
			"K": [
				[748.672,0,374.383],
				[0,748.447,232.387],
				[0,0,1]
			],
			"distCoef": [-0.362508,0.24867,0.000798971,0.00159046,-0.204845],
			"R": [
				[0.9747037464,-0.02984815521,0.2214987458],
				[0.0791026674,0.9729661795,-0.2169782973],
				[-0.2090343866,0.2290107009,0.950714849]
			],
			"t": [
				[43.20568613],
				[146.8779768],
				[304.9172192]
			]
		},
		{
			"name": "02_16",
			"type": "vga",
			"resolution": [640,480],
			"panel": 2,
			"node": 16,
			"K": [
				[749.914,0,368.65],
				[0,749.777,213.078],
				[0,0,1]
			],
			"distCoef": [-0.35789,0.222334,-0.00130688,0.000268201,-0.187339],
			"R": [
				[0.9837392729,0.01242595946,0.1791720917],
				[0.03042119999,0.9716608902,-0.2344134491],
				[-0.1770073261,0.236052346,0.955482965]
			],
			"t": [
				[23.42786608],
				[153.6208362],
				[307.0061749]
			]
		},
		{
			"name": "02_17",
			"type": "vga",
			"resolution": [640,480],
			"panel": 2,
			"node": 17,
			"K": [
				[744.102,0,371.796],
				[0,744.542,259.478],
				[0,0,1]
			],
			"distCoef": [-0.307062,-0.0610851,-7.37986e-05,-0.000530103,0.259914],
			"R": [
				[0.9713894427,0.05377127986,0.23132488],
				[-0.003990349295,0.9775892906,-0.2104833866],
				[-0.2374586864,0.2035382726,0.9498344823]
			],
			"t": [
				[40.95380962],
				[181.9478849],
				[299.3272799]
			]
		},
		{
			"name": "02_18",
			"type": "vga",
			"resolution": [640,480],
			"panel": 2,
			"node": 18,
			"K": [
				[746.936,0,378.532],
				[0,747.484,215.135],
				[0,0,1]
			],
			"distCoef": [-0.313085,-0.00560803,-0.00114575,-0.000975268,0.144775],
			"R": [
				[0.9755648027,0.01162801981,0.2194039766],
				[0.0215404735,0.98872595,-0.1481789584],
				[-0.2186534331,0.1492842418,0.9643157633]
			],
			"t": [
				[11.23823612],
				[212.369593],
				[288.3827082]
			]
		},
		{
			"name": "02_19",
			"type": "vga",
			"resolution": [640,480],
			"panel": 2,
			"node": 19,
			"K": [
				[746.258,0,379.04],
				[0,746.26,232.976],
				[0,0,1]
			],
			"distCoef": [-0.33048,0.0923783,-6.37464e-05,0.000226013,0.0166118],
			"R": [
				[0.9809638555,0.05654352752,0.1857760579],
				[-0.01494049423,0.97580979,-0.2181101449],
				[-0.193614813,0.2111825825,0.9580789221]
			],
			"t": [
				[0.4829780789],
				[159.1778967],
				[302.4318578]
			]
		},
		{
			"name": "02_20",
			"type": "vga",
			"resolution": [640,480],
			"panel": 2,
			"node": 20,
			"K": [
				[747.468,0,392.371],
				[0,747.453,227.341],
				[0,0,1]
			],
			"distCoef": [-0.336314,0.12621,-0.000139191,0.0013442,-0.0247387],
			"R": [
				[0.9828293032,0.03047030429,0.1819838492],
				[0.01499295333,0.9698219496,-0.2433528248],
				[-0.1839069661,0.2419027626,0.9527125911]
			],
			"t": [
				[-23.1823164],
				[136.917784],
				[306.9353123]
			]
		},
		{
			"name": "02_21",
			"type": "vga",
			"resolution": [640,480],
			"panel": 2,
			"node": 21,
			"K": [
				[748.628,0,358.071],
				[0,748.467,237.648],
				[0,0,1]
			],
			"distCoef": [-0.350054,0.191575,0.000517678,0.000429022,-0.126368],
			"R": [
				[0.9783222664,0.09006922467,0.1864754081],
				[-0.04175210464,0.967760189,-0.2483887646],
				[-0.2028356597,0.2352185184,0.9505419211]
			],
			"t": [
				[-7.838677039],
				[118.4769758],
				[306.3947667]
			]
		},
		{
			"name": "02_22",
			"type": "vga",
			"resolution": [640,480],
			"panel": 2,
			"node": 22,
			"K": [
				[747.095,0,375.012],
				[0,747.061,247.465],
				[0,0,1]
			],
			"distCoef": [-0.335323,0.125422,0.000719113,-0.00105589,-0.0357138],
			"R": [
				[0.9844606897,0.07798076481,0.1573408744],
				[-0.03834058792,0.9698247641,-0.2407694463],
				[-0.171368462,0.2309955135,0.9577441845]
			],
			"t": [
				[0.1887444436],
				[110.5226193],
				[305.8142011]
			]
		},
		{
			"name": "02_23",
			"type": "vga",
			"resolution": [640,480],
			"panel": 2,
			"node": 23,
			"K": [
				[745.874,0,374.573],
				[0,745.843,236.043],
				[0,0,1]
			],
			"distCoef": [-0.338648,0.109912,0.000462391,0.000326193,0.00133543],
			"R": [
				[0.9803134512,0.006740204461,0.1973324784],
				[0.04116500137,0.9704784838,-0.2376488064],
				[-0.193108726,0.2410935134,0.9510956512]
			],
			"t": [
				[15.76525071],
				[119.3601944],
				[307.2012908]
			]
		},
		{
			"name": "02_24",
			"type": "vga",
			"resolution": [640,480],
			"panel": 2,
			"node": 24,
			"K": [
				[750.02,0,365.169],
				[0,750.208,235.361],
				[0,0,1]
			],
			"distCoef": [-0.362065,0.259935,-7.5175e-06,-0.000805307,-0.259644],
			"R": [
				[0.9863247835,-0.0194626995,0.163660089],
				[0.05705006323,0.9719324439,-0.2282380659],
				[-0.1546244213,0.2344536794,0.9597514056]
			],
			"t": [
				[-3.958782071],
				[141.4582933],
				[306.5127701]
			]
		},
		{
			"name": "03_01",
			"type": "vga",
			"resolution": [640,480],
			"panel": 3,
			"node": 1,
			"K": [
				[746.817,0,363.795],
				[0,747.211,223.409],
				[0,0,1]
			],
			"distCoef": [-0.346976,0.186779,-0.000658957,0.000680616,-0.14028],
			"R": [
				[0.7881677596,0.1467453854,-0.5977101091],
				[-0.3274048952,0.922313094,-0.2052914789],
				[0.5211502828,0.3574973406,0.7749826025]
			],
			"t": [
				[-13.62287497],
				[106.5978244],
				[321.6821825]
			]
		},
		{
			"name": "03_02",
			"type": "vga",
			"resolution": [640,480],
			"panel": 3,
			"node": 2,
			"K": [
				[747.643,0,366.863],
				[0,747.884,218.414],
				[0,0,1]
			],
			"distCoef": [-0.33491,0.116241,-0.00022509,0.0012568,-0.0307726],
			"R": [
				[0.7836676332,0.1236880498,-0.6087415765],
				[-0.345958945,0.9008285037,-0.2623364544],
				[0.515923879,0.416184182,0.7487411286]
			],
			"t": [
				[-23.70288047],
				[65.05765453],
				[326.5548749]
			]
		},
		{
			"name": "03_03",
			"type": "vga",
			"resolution": [640,480],
			"panel": 3,
			"node": 3,
			"K": [
				[749.52,0,350.648],
				[0,749.686,213.285],
				[0,0,1]
			],
			"distCoef": [-0.345728,0.16717,-8.01565e-05,-0.000107586,-0.1162],
			"R": [
				[0.8056326614,0.06189068014,-0.5891736235],
				[-0.2668998912,0.925795935,-0.2677056869],
				[0.5288860586,0.3729228211,0.7623700588]
			],
			"t": [
				[-7.42281045],
				[72.73123743],
				[323.5820176]
			]
		},
		{
			"name": "03_04",
			"type": "vga",
			"resolution": [640,480],
			"panel": 3,
			"node": 4,
			"K": [
				[746.101,0,375.759],
				[0,746.189,213.24],
				[0,0,1]
			],
			"distCoef": [-0.345097,0.137038,-0.00022835,0.00174218,0.00197507],
			"R": [
				[0.8397587323,-0.03536122496,-0.5418070277],
				[-0.1946984358,0.911902981,-0.3612830917],
				[0.5068508564,0.4088796119,0.7588937161]
			],
			"t": [
				[5.487163988],
				[74.2693219],
				[326.6428868]
			]
		},
		{
			"name": "03_05",
			"type": "vga",
			"resolution": [640,480],
			"panel": 3,
			"node": 5,
			"K": [
				[748.402,0,376.563],
				[0,748.728,251.148],
				[0,0,1]
			],
			"distCoef": [-0.352108,0.184114,0.00135027,-7.29705e-06,-0.0901142],
			"R": [
				[0.8595884853,-0.05462257805,-0.5080590614],
				[-0.1780506473,0.8999411887,-0.3979997788],
				[0.4789630496,0.4325762718,0.7638534978]
			],
			"t": [
				[33.42550168],
				[61.75337436],
				[327.5431206]
			]
		},
		{
			"name": "03_06",
			"type": "vga",
			"resolution": [640,480],
			"panel": 3,
			"node": 6,
			"K": [
				[746.013,0,378.528],
				[0,745.964,240.189],
				[0,0,1]
			],
			"distCoef": [-0.324868,0.0518523,-0.000990977,-8.82056e-05,0.0817157],
			"R": [
				[0.8757517872,-0.0651749174,-0.4783419669],
				[-0.1148492006,0.9342703635,-0.3375626594],
				[0.4689013417,0.3505582948,0.8107036534]
			],
			"t": [
				[54.38131443],
				[108.3732087],
				[317.9369087]
			]
		},
		{
			"name": "03_07",
			"type": "vga",
			"resolution": [640,480],
			"panel": 3,
			"node": 7,
			"K": [
				[746.153,0,393.608],
				[0,746.598,229.632],
				[0,0,1]
			],
			"distCoef": [-0.331641,0.0902163,0.00081701,0.000725408,0.0285526],
			"R": [
				[0.8507799151,-0.03711242427,-0.5242100763],
				[-0.1517363488,0.9376710553,-0.3126484809],
				[0.5031397585,0.345536771,0.792120397]
			],
			"t": [
				[41.64856056],
				[128.0852973],
				[318.8685327]
			]
		},
		{
			"name": "03_08",
			"type": "vga",
			"resolution": [640,480],
			"panel": 3,
			"node": 8,
			"K": [
				[746.078,0,375.387],
				[0,746.065,233.328],
				[0,0,1]
			],
			"distCoef": [-0.331806,0.0892009,-0.000133872,-0.00119232,0.0108581],
			"R": [
				[0.8624162185,-0.08676989867,-0.4987075803],
				[-0.1248462774,0.9183047778,-0.3756723868],
				[0.4905626086,0.3862477441,0.7811280351]
			],
			"t": [
				[50.24626852],
				[133.8980906],
				[323.5193194]
			]
		},
		{
			"name": "03_09",
			"type": "vga",
			"resolution": [640,480],
			"panel": 3,
			"node": 9,
			"K": [
				[747.044,0,387.771],
				[0,747.109,218.145],
				[0,0,1]
			],
			"distCoef": [-0.336045,0.121176,0.00054807,0.00115654,-0.0200047],
			"R": [
				[0.861320057,-0.1627747655,-0.4812817627],
				[-0.06805441597,0.9017877922,-0.4267872706],
				[0.5034842161,0.4003537855,0.765650371]
			],
			"t": [
				[25.39037769],
				[150.7574398],
				[327.03998]
			]
		},
		{
			"name": "03_10",
			"type": "vga",
			"resolution": [640,480],
			"panel": 3,
			"node": 10,
			"K": [
				[746.082,0,374.173],
				[0,746.256,230.407],
				[0,0,1]
			],
			"distCoef": [-0.330818,0.0802863,0.000443625,0.000289856,0.0444876],
			"R": [
				[0.8422644866,-0.1060648131,-0.5285270003],
				[-0.159109037,0.8878576765,-0.4317326263],
				[0.5150483948,0.4477264808,0.7309351198]
			],
			"t": [
				[7.070167707],
				[133.7971846],
				[335.6760098]
			]
		},
		{
			"name": "03_11",
			"type": "vga",
			"resolution": [640,480],
			"panel": 3,
			"node": 11,
			"K": [
				[747.372,0,370.919],
				[0,747.536,237.333],
				[0,0,1]
			],
			"distCoef": [-0.3374,0.125498,0.000942187,-0.00171504,-0.0349862],
			"R": [
				[0.8464720933,-0.06416747814,-0.5285522964],
				[-0.1670116993,0.9106094252,-0.3780179453],
				[0.505561161,0.4082560587,0.7600887468]
			],
			"t": [
				[11.91109042],
				[168.6561723],
				[329.404553]
			]
		},
		{
			"name": "03_12",
			"type": "vga",
			"resolution": [640,480],
			"panel": 3,
			"node": 12,
			"K": [
				[746.332,0,372.914],
				[0,746.248,240.591],
				[0,0,1]
			],
			"distCoef": [-0.327063,0.0845899,0.0016605,0.000137919,0.0358598],
			"R": [
				[0.7885147615,0.01459939473,-0.6148425235],
				[-0.2769264619,0.9010663813,-0.3337530692],
				[0.5491413349,0.4334353864,0.7145471014]
			],
			"t": [
				[-9.3910158],
				[165.6360316],
				[334.1998555]
			]
		},
		{
			"name": "03_13",
			"type": "vga",
			"resolution": [640,480],
			"panel": 3,
			"node": 13,
			"K": [
				[747.012,0,356.486],
				[0,747.167,222.177],
				[0,0,1]
			],
			"distCoef": [-0.320171,0.0309075,-0.000872289,-0.000143306,0.0776515],
			"R": [
				[0.7802964496,0.003343848989,-0.625400887],
				[-0.2585088938,0.9122867575,-0.3176570853],
				[0.56948275,0.4095383873,0.7127185326]
			],
			"t": [
				[-28.21932026],
				[157.4954934],
				[327.8772205]
			]
		},
		{
			"name": "03_14",
			"type": "vga",
			"resolution": [640,480],
			"panel": 3,
			"node": 14,
			"K": [
				[745.113,0,367.612],
				[0,745.415,234.218],
				[0,0,1]
			],
			"distCoef": [-0.325255,0.0563682,0.000529805,0.000329894,0.0815563],
			"R": [
				[0.763106661,0.08730436726,-0.6403484766],
				[-0.309545702,0.9191599931,-0.2435700423],
				[0.5673179729,0.3840870404,0.7284418049]
			],
			"t": [
				[-28.8243401],
				[178.0714758],
				[322.3418165]
			]
		},
		{
			"name": "03_15",
			"type": "vga",
			"resolution": [640,480],
			"panel": 3,
			"node": 15,
			"K": [
				[749.089,0,380.175],
				[0,749.05,236.392],
				[0,0,1]
			],
			"distCoef": [-0.347498,0.179244,0.000631578,0.000631689,-0.0923995],
			"R": [
				[0.8414800202,0.09513671075,-0.5318462014],
				[-0.2689365983,0.9275150114,-0.2595939323],
				[0.4685984227,0.3614760156,0.8060710939]
			],
			"t": [
				[-7.501682425],
				[164.5126583],
				[322.7454111]
			]
		},
		{
			"name": "03_16",
			"type": "vga",
			"resolution": [640,480],
			"panel": 3,
			"node": 16,
			"K": [
				[745.997,0,371.221],
				[0,746.138,216.555],
				[0,0,1]
			],
			"distCoef": [-0.325151,0.0565877,-0.000888396,0.000207099,0.0679668],
			"R": [
				[0.7741966372,0.08053621542,-0.6278005136],
				[-0.2822293201,0.9317332562,-0.2285164112],
				[0.5665387699,0.3541003492,0.7440744351]
			],
			"t": [
				[-40.29041858],
				[150.4296304],
				[317.5358306]
			]
		},
		{
			"name": "03_17",
			"type": "vga",
			"resolution": [640,480],
			"panel": 3,
			"node": 17,
			"K": [
				[745.058,0,385.929],
				[0,745.101,244.056],
				[0,0,1]
			],
			"distCoef": [-0.311284,-0.0218371,-0.000791911,9.93211e-05,0.189291],
			"R": [
				[0.7984593895,0.1399473226,-0.5855572988],
				[-0.3098975225,0.9293999615,-0.2004475918],
				[0.5161648272,0.3415120179,0.7854574545]
			],
			"t": [
				[-27.71919964],
				[138.7793383],
				[319.1475274]
			]
		},
		{
			"name": "03_18",
			"type": "vga",
			"resolution": [640,480],
			"panel": 3,
			"node": 18,
			"K": [
				[748.357,0,389.585],
				[0,748.469,245.456],
				[0,0,1]
			],
			"distCoef": [-0.350717,0.187282,-0.000289907,-0.000316289,-0.107008],
			"R": [
				[0.778915154,0.1433420214,-0.6105278436],
				[-0.3505743588,0.9067327049,-0.2343787976],
				[0.5199892325,0.3965966045,0.7565198817]
			],
			"t": [
				[-38.30264435],
				[100.8631855],
				[325.263575]
			]
		},
		{
			"name": "03_19",
			"type": "vga",
			"resolution": [640,480],
			"panel": 3,
			"node": 19,
			"K": [
				[744.664,0,380.452],
				[0,744.749,233.404],
				[0,0,1]
			],
			"distCoef": [-0.326485,0.0754405,0.000240145,0.000312087,0.0570081],
			"R": [
				[0.8086773638,0.09660279496,-0.5802661641],
				[-0.2725997913,0.9356562467,-0.2241355435],
				[0.5212775413,0.3394337757,0.7829779287]
			],
			"t": [
				[-2.056628973],
				[125.3587971],
				[318.9221059]
			]
		},
		{
			"name": "03_20",
			"type": "vga",
			"resolution": [640,480],
			"panel": 3,
			"node": 20,
			"K": [
				[747.669,0,356.287],
				[0,747.731,215.057],
				[0,0,1]
			],
			"distCoef": [-0.344768,0.162982,9.22265e-05,-0.000636194,-0.0916891],
			"R": [
				[0.867812897,0.003693373798,-0.496877384],
				[-0.1841031186,0.9311927696,-0.3146205136],
				[0.4615266162,0.3645084153,0.8087810567]
			],
			"t": [
				[23.85953372],
				[110.903597],
				[321.4637722]
			]
		},
		{
			"name": "03_21",
			"type": "vga",
			"resolution": [640,480],
			"panel": 3,
			"node": 21,
			"K": [
				[746.114,0,370.645],
				[0,746.452,251.089],
				[0,0,1]
			],
			"distCoef": [-0.316451,0.00909674,-0.000755432,-2.89665e-05,0.149749],
			"R": [
				[0.8511042004,-0.01536457766,-0.5247719217],
				[-0.1577745474,0.9458798592,-0.2835815301],
				[0.5007283018,0.3241530839,0.8026181819]
			],
			"t": [
				[25.48347455],
				[140.0089938],
				[315.7516018]
			]
		},
		{
			"name": "03_22",
			"type": "vga",
			"resolution": [640,480],
			"panel": 3,
			"node": 22,
			"K": [
				[752.01,0,363.195],
				[0,752.234,225.022],
				[0,0,1]
			],
			"distCoef": [-0.366119,0.251105,-0.00016734,-0.00147387,-0.220911],
			"R": [
				[0.8214861085,-0.01308960955,-0.5700782715],
				[-0.2620772629,0.8792250024,-0.3978428125],
				[0.5064346767,0.4762268969,0.7188406367]
			],
			"t": [
				[7.449627958],
				[105.2697586],
				[337.6724624]
			]
		},
		{
			"name": "03_23",
			"type": "vga",
			"resolution": [640,480],
			"panel": 3,
			"node": 23,
			"K": [
				[745.542,0,366.046],
				[0,745.515,235.824],
				[0,0,1]
			],
			"distCoef": [-0.330844,0.0779514,0.000705716,-0.00083387,0.0441414],
			"R": [
				[0.8222441291,0.02601557467,-0.5685400444],
				[-0.2577818547,0.9076347702,-0.3312818126],
				[0.5074082258,0.4189538326,0.7530037042]
			],
			"t": [
				[-2.309768695],
				[133.0160584],
				[330.0031641]
			]
		},
		{
			"name": "03_24",
			"type": "vga",
			"resolution": [640,480],
			"panel": 3,
			"node": 24,
			"K": [
				[747.271,0,372.101],
				[0,747.676,225.163],
				[0,0,1]
			],
			"distCoef": [-0.340453,0.149565,0.000118466,0.00103613,-0.0704933],
			"R": [
				[0.8553838874,0.02964979308,-0.5171453326],
				[-0.223315512,0.9219255965,-0.316517577],
				[0.4673848386,0.3862306101,0.7952215594]
			],
			"t": [
				[0.6586450412],
				[128.4322748],
				[325.4673928]
			]
		},
		{
			"name": "04_01",
			"type": "vga",
			"resolution": [640,480],
			"panel": 4,
			"node": 1,
			"K": [
				[746.867,0,369.323],
				[0,746.924,246.204],
				[0,0,1]
			],
			"distCoef": [-0.337059,0.119367,-0.000422429,0.000736731,-0.0143477],
			"R": [
				[0.04152152995,-0.06094468561,-0.997277147],
				[-0.08497345796,0.9943062375,-0.06430099118],
				[0.9955176915,0.08741196325,0.03610643554]
			],
			"t": [
				[-59.69955016],
				[136.2104798],
				[282.3034634]
			]
		},
		{
			"name": "04_02",
			"type": "vga",
			"resolution": [640,480],
			"panel": 4,
			"node": 2,
			"K": [
				[746.278,0,383.098],
				[0,746.141,224.369],
				[0,0,1]
			],
			"distCoef": [-0.331197,0.0885073,-0.00071835,-0.000202675,0.0230022],
			"R": [
				[0.105830798,-0.01828719764,-0.9942159829],
				[-0.01007857914,0.9997597976,-0.01946199761],
				[0.9943330752,0.01207996321,0.1056210683]
			],
			"t": [
				[-53.83050793],
				[148.6588372],
				[274.7079447]
			]
		},
		{
			"name": "04_03",
			"type": "vga",
			"resolution": [640,480],
			"panel": 4,
			"node": 3,
			"K": [
				[743.505,0,378.572],
				[0,743.082,259.501],
				[0,0,1]
			],
			"distCoef": [-0.319983,0.0182169,0.000253335,0.00110843,0.135349],
			"R": [
				[0.06627219824,0.04155258418,-0.9969359952],
				[-0.08648834679,0.9956112935,0.03574798121],
				[0.9940461567,0.08385424878,0.06957516333]
			],
			"t": [
				[-50.30870788],
				[111.0535399],
				[281.992847]
			]
		},
		{
			"name": "04_04",
			"type": "vga",
			"resolution": [640,480],
			"panel": 4,
			"node": 4,
			"K": [
				[744.411,0,395.42],
				[0,744.284,224.323],
				[0,0,1]
			],
			"distCoef": [-0.315598,-0.00387564,-0.000828731,0.000230943,0.155336],
			"R": [
				[0.08926736538,0.05686130767,-0.9943832909],
				[-0.0386546193,0.9978147157,0.05358743858],
				[0.9952573325,0.03365389809,0.09127024301]
			],
			"t": [
				[-22.28810038],
				[117.3950658],
				[277.4955306]
			]
		},
		{
			"name": "04_05",
			"type": "vga",
			"resolution": [640,480],
			"panel": 4,
			"node": 5,
			"K": [
				[747.11,0,367.023],
				[0,747.167,259.353],
				[0,0,1]
			],
			"distCoef": [-0.340699,0.130518,0.000726419,0.000191626,-0.0135969],
			"R": [
				[0.1295990945,0.01126338771,-0.9915025017],
				[-0.05011412658,0.9987319867,0.004795106565],
				[0.9902992725,0.04906684041,0.1299992159]
			],
			"t": [
				[-12.74938338],
				[90.49117333],
				[280.0296863]
			]
		},
		{
			"name": "04_06",
			"type": "vga",
			"resolution": [640,480],
			"panel": 4,
			"node": 6,
			"K": [
				[746.484,0,363.602],
				[0,746.485,224.496],
				[0,0,1]
			],
			"distCoef": [-0.324492,0.047882,-0.000267438,0.00133781,0.0957951],
			"R": [
				[0.09244334884,0.09490711554,-0.9911845775],
				[-0.08642255857,0.9924553456,0.08696854792],
				[0.9919603665,0.07762104339,0.09994801147]
			],
			"t": [
				[5.685761002],
				[75.4973435],
				[281.7088991]
			]
		},
		{
			"name": "04_07",
			"type": "vga",
			"resolution": [640,480],
			"panel": 4,
			"node": 7,
			"K": [
				[745.606,0,376.054],
				[0,745.445,218.593],
				[0,0,1]
			],
			"distCoef": [-0.314129,-0.00892854,-0.00114688,-0.000214383,0.167666],
			"R": [
				[0.08038623325,-0.05854421341,-0.9950430285],
				[-0.0389960389,0.9973246745,-0.06182881694],
				[0.996000684,0.04377292234,0.07788818148]
			],
			"t": [
				[3.293016617],
				[99.16127658],
				[278.9578243]
			]
		},
		{
			"name": "04_08",
			"type": "vga",
			"resolution": [640,480],
			"panel": 4,
			"node": 8,
			"K": [
				[746.115,0,365.988],
				[0,745.911,236.649],
				[0,0,1]
			],
			"distCoef": [-0.32953,0.0682687,0.000339545,-0.000500914,0.0723656],
			"R": [
				[0.1033605825,-0.02045806672,-0.994433536],
				[-0.04607182455,0.9986168617,-0.0253327951],
				[0.9935763569,0.04843377985,0.1022750801]
			],
			"t": [
				[34.92456933],
				[92.44364356],
				[278.8695822]
			]
		},
		{
			"name": "04_09",
			"type": "vga",
			"resolution": [640,480],
			"panel": 4,
			"node": 9,
			"K": [
				[747.371,0,355.3],
				[0,747.202,217.436],
				[0,0,1]
			],
			"distCoef": [-0.351151,0.202188,-0.000825312,-0.00015067,-0.150696],
			"R": [
				[0.09133221741,0.01294399345,-0.9957363502],
				[-0.04298636648,0.9990347231,0.009044019272],
				[0.9948922546,0.04197707733,0.09180047178]
			],
			"t": [
				[51.30748965],
				[107.5450728],
				[278.3808436]
			]
		},
		{
			"name": "04_10",
			"type": "vga",
			"resolution": [640,480],
			"panel": 4,
			"node": 10,
			"K": [
				[744.208,0,374.057],
				[0,744.187,209.77],
				[0,0,1]
			],
			"distCoef": [-0.316549,-0.0144388,-0.00161546,-7.77883e-05,0.198596],
			"R": [
				[0.07245528915,-0.02051816955,-0.9971605868],
				[-0.05488740026,0.9981912497,-0.02452758371],
				[0.9958602333,0.05650870542,0.07119804664]
			],
			"t": [
				[36.98927041],
				[126.0717948],
				[280.5972921]
			]
		},
		{
			"name": "04_11",
			"type": "vga",
			"resolution": [640,480],
			"panel": 4,
			"node": 11,
			"K": [
				[743.647,0,379.166],
				[0,743.641,231.38],
				[0,0,1]
			],
			"distCoef": [-0.316268,0.0153616,5.20343e-05,-0.000210481,0.123264],
			"R": [
